19
26
27
32
39
40
44
47
54
59
63
70
76
73
48
53
58
67
61
68
68
74
77
70
74
79
84
84
91
71
72
77
79
73
80
79
84
84
91
94
98
99
106
107
108
77
84
89
96
101
98
100
107
104
99
106
103
103
109
111
112
117
125
128
134
129
131
138
146
146
147
131
135
143
148
145
152
150
112
117
121
125
133
137
127
123
125
132
132
129
137
141
148
154
159
157
148
156
155
159
19
26
27
32
39
40
44
47
54
59
63
70
76
73
48
53
58
67
61
68
68
74
77
70
74
79
84
84
91
71
72
77
79
73
80
79
84
84
91
94
98
99
106
107
108
77
84
89
96
101
98
100
107
104
99
106
103
103
109
111
112
117
125
128
134
129
131
138
146
146
147
131
135
143
148
145
152
150
112
117
121
125
133
137
127
123
125
132
132
129
137
141
148
154
159
157
148
156
155
159
19
26
27
32
39
40
44
47
54
59
63
70
76
73
48
53
58
67
61
68
68
74
77
70
74
79
84
84
91
71
72
77
79
73
80
79
84
84
91
94
98
99
106
107
108
77
84
89
96
101
98
100
107
104
99
106
103
103
109
111
112
117
125
128
134
129
131
138
146
146
147
131
135
143
148
145
152
150
112
117
121
125
133
137
127
123
125
132
132
129
137
141
148
154
159
157
148
156
155
159
19
26
27
32
39
40
44
47
54
59
63
70
76
73
48
53
58
67
61
68
68
74
77
70
74
79
84
84
91
71
72
77
79
73
80
79
84
84
91
94
98
99
106
107
108
77
84
89
96
101
98
100
107
104
99
106
103
103
109
111
112
117
125
128
134
129
131
138
146
146
147
131
135
143
148
145
152
150
112
117
121
125
133
137
127
123
125
132
132
129
137
141
148
154
159
157
148
156
155
159
19
26
27
32
39
40
44
47
54
59
63
70
76
73
48
53
58
67
61
68
68
74
77
70
74
79
84
84
91
71
72
77
79
73
80
79
84
84
91
94
98
99
106
107
108
77
84
89
96
101
98
100
107
104
99
106
103
103
109
111
112
117
125
128
134
129
131
138
146
146
147
131
135
143
148
145
152
150
112
117
121
125
133
137
127
123
125
132
132
129
137
141
148
154
159
157
148
156
155
159
19
26
27
32
39
40
44
47
54
59
63
70
76
73
48
53
58
67
61
68
68
74
77
70
74
79
84
84
91
71
72
77
79
73
80
79
84
84
91
94
98
99
106
107
108
77
84
89
96
101
98
100
107
104
99
106
103
103
109
111
112
117
125
128
134
129
131
138
146
146
147
131
135
143
148
145
152
150
112
117
121
125
133
137
127
123
125
132
132
129
137
141
148
154
159
157
148
156
155
159
19
26
27
32
39
40
44
47
54
59
63
70
76
73
48
53
58
67
61
68
68
74
77
70
74
79
84
84
91
71
72
77
79
73
80
79
84
84
91
94
98
99
106
107
108
77
84
89
96
101
98
100
107
104
99
106
103
103
109
111
112
117
125
128
134
129
131
138
146
146
147
131
135
143
148
145
152
150
112
117
121
125
133
137
127
123
125
132
132
129
137
141
148
154
159
157
148
156
155
159
19
26
31
37
40
46
37
43
48
42
47
52
53
51
50
57
61
55
60
61
63
55
62
67
71
77
77
83
82
76
83
90
91
93
93
98
97
105
107
110
97
95
99
103
106
110
112
117
118
125
131
135
131
127
133
131
139
136
136
143
147
97
99
97
104
111
110
119
117
123
120
129
125
124
132
134
132
137
118
122
123
125
128
120
122
128
127
125
133
138
145
146
145
148
154
159
163
149
142
143
19
26
31
37
40
46
37
43
48
42
47
52
53
51
50
57
61
55
60
61
63
55
62
67
71
77
77
83
82
76
83
90
91
93
93
98
97
105
107
110
97
95
99
103
106
110
112
117
118
125
131
135
131
127
133
131
139
136
136
143
147
97
99
97
104
111
110
119
117
123
120
129
125
124
132
134
132
137
118
122
123
125
128
120
122
128
127
125
133
138
145
146
145
148
154
159
163
149
142
143
19
26
31
37
40
46
37
43
48
42
47
52
53
51
50
57
61
55
60
61
63
55
62
67
71
77
77
83
82
76
83
90
91
93
93
98
97
105
107
110
97
95
99
103
106
110
112
117
118
125
131
135
131
127
133
131
139
136
136
143
147
97
99
97
104
111
110
119
117
123
120
129
125
124
132
134
132
137
118
122
123
125
128
120
122
128
127
125
133
138
145
146
145
148
154
159
163
149
142
143
19
26
31
37
40
46
37
43
48
42
47
52
53
51
50
57
61
55
60
61
63
55
62
67
71
77
77
83
82
76
83
90
91
93
93
98
97
105
107
110
97
95
99
103
106
110
112
117
118
125
131
135
131
127
133
131
139
136
136
143
147
97
99
97
104
111
110
119
117
123
120
129
125
124
132
134
132
137
118
122
123
125
128
120
122
128
127
125
133
138
145
146
145
148
154
159
163
149
142
143
19
26
31
37
40
46
37
43
48
42
47
52
53
51
50
57
61
55
60
61
63
55
62
67
71
77
77
83
82
76
83
90
91
93
93
98
97
105
107
110
97
95
99
103
106
110
112
117
118
125
131
135
131
127
133
131
139
136
136
143
147
97
99
97
104
111
110
119
117
123
120
129
125
124
132
134
132
137
118
122
123
125
128
120
122
128
127
125
133
138
145
146
145
148
154
159
163
149
142
143
19
26
27
32
39
40
44
47
54
59
63
70
76
73
48
53
58
67
61
68
68
74
77
70
74
79
84
84
91
71
72
77
79
73
80
79
84
84
91
94
98
99
106
107
108
77
84
89
96
101
98
100
107
104
99
106
103
103
109
111
112
117
125
128
134
129
131
138
146
146
147
131
135
143
148
145
152
150
112
117
121
125
133
137
127
123
125
132
132
129
137
141
148
154
159
157
148
156
155
159
19
26
27
32
39
40
44
47
54
59
63
70
76
73
48
53
58
67
61
68
68
74
77
70
74
79
84
84
91
71
72
77
79
73
80
79
84
84
91
94
98
99
106
107
108
77
84
89
96
101
98
100
107
104
99
106
103
103
109
111
112
117
125
128
134
129
131
138
146
146
147
131
135
143
148
145
152
150
112
117
121
125
133
137
127
123
125
132
132
129
137
141
148
154
159
157
148
156
155
159
19
26
27
32
39
40
44
47
54
59
63
70
76
73
48
53
58
67
61
68
68
74
77
70
74
79
84
84
91
71
72
77
79
73
80
79
84
84
91
94
98
99
106
107
108
77
84
89
96
101
98
100
107
104
99
106
103
103
109
111
112
117
125
128
134
129
131
138
146
146
147
131
135
143
148
145
152
150
112
117
121
125
133
137
127
123
125
132
132
129
137
141
148
154
159
157
148
156
155
159
19
26
27
32
39
40
44
47
54
59
63
70
76
73
48
53
58
67
61
68
68
74
77
70
74
79
84
84
91
71
72
77
79
73
80
79
84
84
91
94
98
99
106
107
108
77
84
89
96
101
98
100
107
104
99
106
103
103
109
111
112
117
125
128
134
129
131
138
146
146
147
131
135
143
148
145
152
150
112
117
121
125
133
137
127
123
125
132
132
129
137
141
148
154
159
157
148
156
155
159
19
26
27
32
39
40
44
47
54
59
63
70
76
73
48
53
58
67
61
68
68
74
77
70
74
79
84
84
91
71
72
77
79
73
80
79
84
84
91
94
98
99
106
107
108
77
84
89
96
101
98
100
107
104
99
106
103
103
109
111
112
117
125
128
134
129
131
138
146
146
147
131
135
143
148
145
152
150
112
117
121
125
133
137
127
123
125
132
132
129
137
141
148
154
159
157
148
156
155
159
19
26
27
32
39
40
44
47
54
59
63
70
76
73
48
53
58
67
61
68
68
74
77
70
74
79
84
84
91
71
72
77
79
73
80
79
84
84
91
94
98
99
106
107
108
77
84
89
96
101
98
100
107
104
99
106
103
103
109
111
112
117
125
128
134
129
131
138
146
146
147
131
135
143
148
145
152
150
112
117
121
125
133
137
127
123
125
132
132
129
137
141
148
154
159
157
148
156
155
159
19
26
27
32
39
40
44
47
54
59
63
70
76
73
48
53
58
67
61
68
68
74
77
70
74
79
84
84
91
71
72
77
79
73
80
79
84
84
91
94
98
99
106
107
108
77
84
89
96
101
98
100
107
104
99
106
103
103
109
111
112
117
125
128
134
129
131
138
146
146
147
131
135
143
148
145
152
150
112
117
121
125
133
137
127
123
125
132
132
129
137
141
148
154
159
157
148
156
155
159
19
26
27
32
39
40
44
47
54
59
63
70
76
73
48
53
58
67
61
68
68
74
77
70
74
79
84
84
91
71
72
77
79
73
80
79
84
84
91
94
98
99
106
107
108
77
84
89
96
101
98
100
107
104
99
106
103
103
109
111
112
117
125
128
134
129
131
138
146
146
147
131
135
143
148
145
152
150
112
117
121
125
133
137
127
123
125
132
132
129
137
141
148
154
159
157
148
156
155
159
19
26
27
32
39
40
44
47
54
59
63
70
76
73
48
53
58
67
61
68
68
74
77
70
74
79
84
84
91
71
72
77
79
73
80
79
84
84
91
94
98
99
106
107
108
77
84
89
96
101
98
100
107
104
99
106
103
103
109
111
112
117
125
128
134
129
131
138
146
146
147
131
135
143
148
145
152
150
112
117
121
125
133
137
127
123
125
132
132
129
137
141
148
154
159
157
148
156
155
159
19
26
27
32
39
40
44
47
54
59
63
70
76
73
48
53
58
67
61
68
68
74
77
70
74
79
84
84
91
71
72
77
79
73
80
79
84
84
91
94
98
99
106
107
108
77
84
89
96
101
98
100
107
104
99
106
103
103
109
111
112
117
125
128
134
129
131
138
146
146
147
131
135
143
148
145
152
150
112
117
121
125
133
137
127
123
125
132
132
129
137
141
148
154
159
157
148
156
155
159
19
26
27
32
39
40
44
47
54
59
63
70
76
73
48
53
58
67
61
68
68
74
77
70
74
79
84
84
91
71
72
77
79
73
80
79
84
84
91
94
98
99
106
107
108
77
84
89
96
101
98
100
107
104
99
106
103
103
109
111
112
117
125
128
134
129
131
138
146
146
147
131
135
143
148
145
152
150
112
117
121
125
133
137
127
123
125
132
132
129
137
141
148
154
159
157
148
156
155
159
19
26
27
32
39
40
44
47
54
59
63
70
76
73
48
53
58
67
61
68
68
74
77
70
74
79
84
84
91
71
72
77
79
73
80
79
84
84
91
94
98
99
106
107
108
77
84
89
96
101
98
100
107
104
99
106
103
103
109
111
112
117
125
128
134
129
131
138
146
146
147
131
135
143
148
145
152
150
112
117
121
125
133
137
127
123
125
132
132
129
137
141
148
154
159
157
148
156
155
159
19
26
27
32
39
40
44
47
54
59
63
70
76
73
48
53
58
67
61
68
68
74
77
70
74
79
84
84
91
71
72
77
79
73
80
79
84
84
91
94
98
99
106
107
108
77
84
89
96
101
98
100
107
104
99
106
103
103
109
111
112
117
125
128
134
129
131
138
146
146
147
131
135
143
148
145
152
150
112
117
121
125
133
137
127
123
125
132
132
129
137
141
148
154
159
157
148
156
155
159
19
26
27
32
39
40
44
47
54
59
63
70
76
73
48
53
58
67
61
68
68
74
77
70
74
79
84
84
91
71
72
77
79
73
80
79
84
84
91
94
98
99
106
107
108
77
84
89
96
101
98
100
107
104
99
106
103
103
109
111
112
117
125
128
134
129
131
138
146
146
147
131
135
143
148
145
152
150
112
117
121
125
133
137
127
123
125
132
132
129
137
141
148
154
159
157
148
156
155
159
19
26
31
37
40
46
37
43
48
42
47
52
53
51
50
57
61
55
60
61
63
55
62
67
71
77
77
83
82
76
83
90
91
93
93
98
97
105
107
110
97
95
99
103
106
110
112
117
118
125
131
135
131
127
133
131
139
136
136
143
147
97
99
97
104
111
110
119
117
123
120
129
125
124
132
134
132
137
118
122
123
125
128
120
122
128
127
125
133
138
145
146
145
148
154
159
163
149
142
143
19
26
27
32
39
40
44
47
54
59
63
70
76
73
48
53
58
67
61
68
68
74
77
70
74
79
84
84
91
71
72
77
79
73
80
79
84
84
91
94
98
99
106
107
108
77
84
89
96
101
98
100
107
104
99
106
103
103
109
111
112
117
125
128
134
129
131
138
146
146
147
131
135
143
148
145
152
150
112
117
121
125
133
137
127
123
125
132
132
129
137
141
148
154
159
157
148
156
155
159
19
26
31
37
40
46
37
43
48
42
47
52
53
51
50
57
61
55
60
61
63
55
62
67
71
77
77
83
82
76
83
90
91
93
93
98
97
105
107
110
97
95
99
103
106
110
112
117
118
125
131
135
131
127
133
131
139
136
136
143
147
97
99
97
104
111
110
119
117
123
120
129
125
124
132
134
132
137
118
122
123
125
128
120
122
128
127
125
133
138
145
146
145
148
154
159
163
149
142
143
19
26
35
34
38
39
42
41
44
49
57
56
57
63
59
60
59
60
68
65
69
76
78
85
91
99
103
90
87
94
100
104
106
107
69
71
75
79
66
73
76
79
85
89
83
88
85
79
81
84
81
86
87
95
97
88
92
95
95
100
105
111
110
99
106
111
102
110
111
117
116
124
116
117
121
127
130
134
142
145
145
145
147
139
143
151
155
156
149
155
128
129
138
133
133
138
127
132
133
134
19
26
31
32
34
39
46
51
47
50
58
62
68
69
56
62
64
67
53
51
56
54
58
62
66
70
74
80
76
82
85
87
89
92
81
88
91
95
97
71
77
82
89
90
87
91
98
90
91
98
99
106
112
118
118
109
116
93
96
101
104
109
114
123
127
131
135
132
135
129
134
124
124
129
127
135
109
115
118
124
131
133
129
136
143
140
149
154
147
152
135
140
138
145
147
148
155
155
135
138
19
27
32
34
35
38
43
39
46
50
53
53
58
52
59
54
61
61
69
66
71
77
78
85
91
97
84
89
90
84
89
92
96
101
101
82
88
86
91
95
97
93
73
80
77
82
87
90
78
84
85
88
88
86
91
93
96
98
102
108
110
113
106
111
101
108
105
110
116
108
116
120
125
131
133
135
125
130
136
141
142
142
150
152
159
147
122
127
133
135
139
147
146
154
159
160
166
168
173
180
19
25
29
31
38
45
43
46
48
47
50
53
52
54
59
65
68
74
79
81
81
88
89
86
90
69
77
79
79
83
82
87
93
95
90
67
72
76
79
77
81
84
89
93
96
99
87
90
98
99
106
102
86
90
98
94
95
95
98
107
98
104
98
104
100
102
108
115
116
121
118
106
96
102
103
108
114
113
120
121
125
131
123
125
130
136
140
148
131
137
143
144
147
154
154
160
159
159
146
153
19
24
29
36
38
44
44
50
48
52
57
61
55
53
60
60
65
70
71
74
82
84
91
78
59
67
73
75
61
67
69
76
80
85
86
82
77
82
84
79
83
88
73
76
84
89
88
93
97
93
96
86
93
92
98
101
99
106
93
96
94
103
108
100
107
104
109
108
112
107
97
103
104
111
106
114
107
111
107
108
116
117
123
123
127
129
126
122
128
131
133
140
146
141
138
144
146
145
132
132
