0,3.32193
1,3.12193
2,3.32193
3,2.92193
4,3.32193
5,3.32193
6,3.12193
7,3.32193
8,3.32193
9,3.32193
10,3.12193
11,3.12193
12,3.32193
13,3.32193
14,3.12193
15,3.12193
16,3.32193
17,3.12193
18,3.12193
19,2.92193
20,3.12193
21,3.12193
22,2.92193
23,3.32193
24,3.32193
25,2.92193
26,3.32193
27,3.12193
28,3.12193
29,3.32193
30,2.64644
31,3.12193
32,3.32193
33,3.32193
34,3.32193
35,2.92193
36,3.12193
37,3.32193
38,3.32193
39,3.12193
40,3.32193
41,3.32193
42,3.32193
43,3.12193
44,3.12193
45,3.32193
46,2.84644
47,2.92193
48,3.12193
49,3.12193
50,2.64644
51,3.12193
52,2.84644
53,3.32193
54,3.12193
55,2.64644
56,3.32193
57,3.12193
58,3.32193
59,3.12193
60,3.12193
61,3.32193
62,2.92193
63,3.12193
64,3.12193
65,3.12193
66,3.32193
67,2.72193
68,3.32193
69,2.52193
70,3.32193
71,3.32193
72,3.32193
73,3.32193
74,3.32193
75,3.12193
76,3.32193
77,3.32193
78,3.32193
79,3.12193
80,3.32193
81,3.32193
82,3.32193
83,3.12193
84,2.92193
85,3.32193
86,2.84644
87,3.12193
88,2.52193
89,2.84644
90,3.32193
91,3.12193
92,2.64644
93,3.12193
94,3.32193
95,3.32193
96,3.12193
97,3.32193
98,3.12193
99,3.12193
100,3.12193
101,2.92193
102,3.12193
103,3.32193
104,2.84644
105,3.12193
106,3.12193
107,3.12193
108,3.12193
109,3.12193
110,3.12193
111,3.32193
112,2.84644
113,2.92193
114,3.32193
115,3.12193
116,3.32193
117,3.32193
118,2.84644
119,2.84644
120,2.84644
121,2.84644
122,2.84644
123,3.12193
124,3.32193
125,3.32193
126,2.92193
127,3.32193
128,3.32193
129,3.32193
130,3.32193
131,2.92193
132,3.32193
133,2.64644
134,3.12193
135,2.84644
136,3.32193
137,3.12193
138,2.64644
139,3.32193
140,3.12193
141,3.32193
142,3.32193
143,3.32193
144,2.84644
145,3.12193
146,2.52193
147,3.12193
148,3.12193
149,3.32193
150,3.12193
151,3.12193
152,2.84644
153,2.64644
154,3.12193
155,3.32193
156,2.84644
157,3.12193
158,2.92193
159,3.32193
160,3.32193
161,3.12193
162,3.32193
163,3.12193
164,3.32193
165,3.12193
166,3.12193
167,3.32193
168,2.84644
169,3.32193
170,3.12193
171,3.32193
172,3.12193
173,2.64644
174,3.12193
175,3.32193
176,3.12193
177,3.12193
178,3.32193
179,3.32193
180,3.12193
181,3.32193
182,3.32193
183,3.12193
184,3.12193
185,3.32193
186,3.12193
187,2.32193
188,3.12193
189,3.32193
190,3.32193
191,3.12193
192,3.32193
193,3.32193
194,2.92193
195,3.12193
196,3.12193
197,3.12193
198,3.12193
199,3.32193
200,3.32193
201,3.12193
202,3.32193
203,3.12193
204,2.84644
205,3.32193
206,3.12193
207,3.32193
208,3.32193
209,3.32193
210,3.12193
211,3.12193
212,2.92193
213,3.12193
214,2.84644
215,3.32193
216,3.12193
217,2.84644
218,2.92193
219,3.32193
220,3.32193
221,3.32193
222,3.12193
223,3.32193
224,2.92193
225,3.32193
226,3.12193
227,3.32193
228,3.32193
229,3.32193
230,3.32193
231,3.12193
232,3.32193
233,3.32193
234,3.32193
235,3.32193
236,3.12193
237,3.32193
238,3.12193
239,3.32193
240,2.92193
241,3.12193
242,3.12193
243,3.12193
244,3.12193
245,3.12193
246,3.12193
247,3.32193
248,3.12193
249,3.32193
250,3.12193
251,2.64644
252,3.32193
253,3.12193
254,3.32193
255,3.12193
256,3.32193
257,3.32193
258,2.84644
259,3.12193
260,3.32193
261,2.84644
262,3.32193
263,3.32193
264,3.12193
265,3.12193
266,3.12193
267,2.64644
268,3.32193
269,3.32193
270,2.92193
271,3.32193
272,2.92193
273,3.32193
274,3.32193
275,3.12193
276,3.32193
277,3.12193
278,3.32193
279,3.32193
280,2.84644
281,3.32193
282,3.12193
283,3.32193
284,3.32193
285,2.92193
286,3.32193
287,3.32193
288,3.32193
289,3.12193
290,3.12193
291,3.12193
292,3.12193
293,3.32193
294,3.32193
295,3.12193
296,3.12193
297,2.84644
298,3.12193
299,2.92193
300,3.32193
301,3.12193
302,2.92193
303,2.92193
304,3.12193
305,3.32193
306,3.32193
307,3.12193
308,3.32193
309,3.12193
310,3.12193
311,2.92193
312,3.32193
313,3.12193
314,2.64644
315,3.32193
316,3.32193
317,3.32193
318,3.12193
319,3.32193
320,3.32193
321,3.32193
322,3.12193
323,3.32193
324,3.32193
325,3.12193
326,3.12193
327,3.32193
328,2.92193
329,3.12193
330,3.12193
331,3.32193
332,3.12193
333,2.64644
334,3.12193
335,3.12193
336,3.12193
337,2.64644
338,2.72193
339,3.32193
340,3.12193
341,3.12193
342,3.32193
343,3.12193
344,3.12193
345,3.32193
346,3.32193
347,3.12193
348,3.12193
349,3.12193
350,3.32193
351,3.32193
352,3.32193
353,2.92193
354,3.12193
355,3.32193
356,3.12193
357,2.16096
358,3.12193
359,2.52193
360,2.84644
361,3.32193
362,3.12193
363,3.32193
364,2.92193
365,3.32193
366,2.92193
367,3.12193
368,3.12193
369,3.32193
370,2.92193
371,3.32193
372,2.84644
373,3.12193
374,3.12193
375,2.92193
376,3.32193
377,3.32193
378,3.32193
379,2.92193
380,3.12193
381,3.32193
382,3.32193
383,3.12193
384,2.84644
385,3.12193
386,3.32193
387,3.12193
388,3.12193
389,2.92193
390,3.32193
391,3.12193
392,3.12193
393,3.12193
394,3.32193
395,3.12193
396,2.92193
397,3.32193
398,3.32193
399,3.32193
400,3.32193
401,2.72193
402,2.84644
403,3.32193
404,3.12193
405,3.12193
406,3.12193
407,3.12193
408,2.92193
409,2.92193
410,3.12193
411,3.32193
412,3.12193
413,3.12193
414,3.12193
415,3.12193
416,3.12193
417,3.32193
418,3.12193
419,3.32193
420,3.12193
421,3.32193
422,3.32193
423,3.12193
424,3.32193
425,3.32193
426,2.84644
427,2.92193
428,3.12193
429,3.12193
430,3.32193
431,3.12193
432,2.64644
433,3.32193
434,3.32193
435,3.12193
436,3.32193
437,2.84644
438,3.12193
439,3.32193
440,3.12193
441,2.84644
442,2.84644
443,2.84644
444,2.84644
445,2.84644
446,3.32193
447,3.12193
448,2.92193
449,3.32193
450,3.12193
451,3.32193
452,3.32193
453,3.32193
454,3.32193
455,3.32193
456,3.32193
457,3.12193
458,3.12193
459,3.12193
460,3.12193
461,2.84644
462,3.12193
463,3.32193
464,3.32193
465,3.12193
466,3.32193
467,3.32193
468,3.12193
469,3.12193
470,3.32193
471,2.64644
472,3.12193
473,3.32193
474,3.32193
475,3.32193
476,3.32193
477,3.32193
478,3.12193
479,2.92193
480,3.12193
481,2.92193
482,3.12193
483,2.92193
484,3.12193
485,3.32193
486,3.12193
487,3.12193
488,3.32193
489,3.32193
490,3.32193
491,3.12193
492,2.92193
493,3.32193
494,3.32193
495,2.84644
496,3.32193
497,3.32193
498,3.32193
499,3.32193
500,3.32193
501,3.12193
502,3.32193
503,2.64644
504,3.32193
505,3.12193
506,2.92193
507,3.32193
508,3.12193
509,3.32193
510,3.12193
511,2.92193
512,3.12193
513,3.32193
514,2.92193
515,2.92193
516,3.32193
517,2.84644
518,3.12193
519,2.84644
520,2.84644
521,3.12193
522,3.32193
523,3.12193
524,3.12193
525,3.12193
526,2.84644
527,3.32193
528,3.32193
529,3.32193
530,3.12193
531,3.12193
532,3.12193
533,3.12193
534,3.32193
535,2.92193
536,3.12193
537,2.84644
538,3.32193
539,3.32193
540,3.32193
541,3.12193
542,3.12193
543,3.32193
544,3.12193
545,3.32193
546,3.32193
547,3.32193
548,3.32193
549,3.32193
550,3.12193
551,3.12193
552,3.32193
553,3.32193
554,2.92193
555,3.12193
556,2.84644
557,3.32193
558,3.12193
559,2.92193
560,3.12193
561,3.12193
562,3.12193
563,3.32193
564,3.32193
565,2.92193
566,3.12193
567,3.12193
568,3.32193
569,2.32193
570,3.12193
571,3.32193
572,2.92193
573,3.32193
574,3.12193
575,2.92193
576,3.32193
577,3.12193
578,3.32193
579,3.32193
580,3.32193
581,3.12193
582,3.12193
583,3.12193
584,3.32193
585,3.32193
586,2.92193
587,3.12193
588,2.64644
589,3.12193
590,3.32193
591,3.32193
592,3.32193
593,3.12193
594,3.12193
595,3.12193
596,3.32193
597,3.12193
598,2.92193
599,2.92193
600,3.12193
601,2.92193
602,2.84644
603,3.32193
604,3.12193
605,3.12193
606,3.32193
607,3.12193
608,3.12193
609,3.32193
610,2.92193
611,2.84644
612,2.64644
613,3.32193
614,3.32193
615,2.84644
616,3.12193
617,2.92193
618,2.92193
619,3.32193
620,3.32193
621,3.12193
622,3.32193
623,3.32193
624,3.12193
625,3.12193
626,3.32193
627,2.84644
628,3.32193
629,3.12193
630,3.12193
631,3.12193
632,2.84644
633,3.32193
634,3.32193
635,2.52193
636,3.12193
637,3.12193
638,2.92193
639,3.32193
640,3.12193
641,2.92193
642,3.32193
643,2.92193
644,3.32193
645,3.32193
646,2.92193
647,3.32193
648,2.84644
649,3.12193
650,3.32193
651,3.32193
652,2.32193
653,2.64644
654,3.12193
655,3.12193
656,2.84644
657,3.12193
658,3.12193
659,2.64644
660,3.32193
661,2.92193
662,3.12193
663,2.72193
664,3.32193
665,3.12193
666,3.12193
667,3.32193
668,3.32193
669,3.12193
670,3.32193
671,2.92193
672,3.12193
673,3.12193
674,2.64644
675,2.72193
676,3.32193
677,3.32193
678,2.84644
679,3.12193
680,2.92193
681,3.12193
682,2.84644
683,3.12193
684,3.32193
685,3.32193
686,2.44644
687,2.92193
688,3.32193
689,3.12193
690,3.12193
691,2.64644
692,3.12193
693,3.32193
694,3.12193
695,2.72193
696,3.12193
697,2.64644
698,3.32193
699,3.12193
700,2.92193
701,3.12193
702,3.32193
703,3.12193
704,2.92193
705,3.12193
706,3.32193
707,3.12193
708,3.12193
709,3.12193
710,2.84644
711,3.12193
712,3.32193
713,3.32193
714,2.84644
715,3.12193
716,3.12193
717,3.12193
718,3.12193
719,3.12193
720,3.32193
721,3.32193
722,3.12193
723,3.12193
724,2.92193
725,2.92193
726,2.92193
727,3.12193
728,3.12193
729,3.12193
730,3.32193
731,3.32193
732,3.32193
733,3.32193
734,3.32193
735,3.12193
736,3.32193
737,3.32193
738,3.32193
739,3.12193
740,3.12193
741,2.64644
742,2.92193
743,2.84644
744,2.92193
745,2.92193
746,3.32193
747,3.32193
748,3.32193
749,3.12193
750,2.84644
751,3.12193
752,3.12193
753,3.32193
754,3.32193
755,2.84644
756,3.12193
757,3.12193
758,2.72193
759,2.52193
760,3.32193
761,2.84644
762,3.12193
763,3.32193
764,3.32193
765,3.12193
766,2.84644
767,2.92193
768,3.32193
769,2.84644
770,3.32193
771,3.12193
772,3.12193
773,3.12193
774,3.32193
775,3.12193
776,3.32193
777,3.32193
778,2.84644
779,3.32193
780,3.32193
781,3.12193
782,2.92193
783,3.32193
784,3.32193
785,2.84644
786,2.84644
787,2.64644
788,2.92193
789,3.32193
790,3.12193
791,3.32193
792,3.32193
793,3.32193
794,2.92193
795,3.12193
796,3.32193
797,3.32193
798,3.12193
799,3.12193
800,3.32193
801,3.12193
802,2.84644
803,3.32193
804,3.32193
805,3.32193
806,3.12193
807,3.12193
808,2.92193
809,3.12193
810,2.92193
811,3.32193
812,2.84644
813,3.12193
814,2.92193
815,3.12193
816,3.12193
817,3.12193
818,2.84644
819,3.12193
820,3.12193
821,3.12193
822,3.32193
823,3.32193
824,3.32193
825,3.32193
826,2.84644
827,2.64644
828,2.64644
829,3.32193
830,3.32193
831,3.32193
832,3.32193
833,2.84644
834,3.32193
835,3.32193
836,3.12193
837,3.32193
838,3.32193
839,3.32193
840,3.32193
841,2.72193
842,3.32193
843,3.32193
844,3.12193
845,3.12193
846,3.12193
847,3.32193
848,3.32193
849,3.12193
850,2.92193
851,2.52193
852,3.32193
853,3.12193
854,3.32193
855,3.32193
856,3.12193
857,3.32193
858,2.52193
859,3.12193
860,3.12193
861,3.12193
862,3.32193
863,3.12193
864,3.32193
865,3.32193
866,3.12193
867,3.32193
868,3.32193
869,3.32193
870,3.32193
871,2.92193
872,3.12193
873,2.84644
874,3.12193
875,3.12193
876,3.12193
877,3.12193
878,3.32193
879,2.84644
880,3.12193
881,3.12193
882,3.32193
883,2.92193
884,2.92193
885,3.32193
886,2.92193
887,3.32193
888,3.12193
889,3.32193
890,2.84644
891,3.12193
892,3.12193
893,2.92193
894,3.32193
895,3.12193
896,3.12193
897,3.32193
898,2.72193
899,3.12193
900,3.12193
901,3.12193
902,3.32193
903,3.32193
904,2.92193
905,2.16096
906,3.12193
907,2.52193
908,3.32193
909,2.84644
910,3.32193
911,3.32193
912,3.32193
913,3.12193
914,3.32193
915,3.12193
916,3.12193
917,3.32193
918,3.32193
919,3.12193
920,2.92193
921,3.12193
922,3.12193
923,2.92193
924,3.12193
925,3.12193
926,3.12193
927,3.12193
928,3.12193
929,2.84644
930,3.12193
931,3.32193
932,3.12193
933,3.32193
934,3.32193
935,3.32193
936,3.32193
937,2.64644
938,2.84644
939,3.12193
940,3.32193
941,2.92193
942,2.92193
943,3.12193
944,3.32193
945,3.32193
946,3.32193
947,3.12193
948,3.32193
949,2.52193
950,3.12193
951,3.12193
952,3.12193
953,2.92193
954,3.12193
955,3.12193
956,2.92193
957,3.32193
958,3.32193
959,3.12193
960,3.32193
961,3.32193
962,2.84644
963,2.92193
964,3.12193
965,2.84644
966,3.12193
967,2.92193
968,3.32193
969,3.32193
970,3.12193
971,2.92193
972,3.12193
973,3.12193
974,3.12193
975,3.32193
976,3.32193
977,3.12193
978,2.32193
979,3.12193
980,2.64644
981,3.32193
982,3.32193
983,2.92193
984,3.32193
985,3.12193
986,2.92193
987,2.84644
988,3.32193
989,3.32193
990,3.12193
991,3.32193
992,3.12193
993,3.12193
994,3.12193
995,2.72193
996,3.12193
997,3.12193
998,2.92193
999,3.12193
1000,2.72193
1001,3.12193
1002,3.32193
1003,3.32193
1004,3.12193
1005,3.32193
1006,3.32193
1007,3.32193
1008,3.32193
1009,3.32193
1010,3.12193
1011,3.12193
1012,2.84644
1013,3.32193
1014,2.84644
1015,3.12193
1016,3.32193
1017,3.12193
1018,3.32193
1019,2.16096
1020,3.32193
1021,2.84644
1022,3.32193
1023,3.32193
1024,3.32193
1025,3.32193
1026,3.32193
1027,3.12193
1028,2.92193
1029,3.32193
1030,3.32193
1031,3.32193
1032,3.12193
1033,3.12193
1034,3.32193
1035,3.12193
1036,3.32193
1037,3.32193
1038,3.32193
1039,3.12193
1040,2.84644
1041,2.92193
1042,3.12193
1043,2.92193
1044,3.12193
1045,3.12193
1046,3.32193
1047,3.12193
1048,3.32193
1049,3.12193
1050,3.32193
1051,3.32193
1052,3.12193
1053,3.12193
1054,3.32193
1055,3.12193
1056,3.32193
1057,3.32193
1058,3.32193
1059,3.12193
1060,3.12193
1061,3.32193
1062,3.32193
1063,3.32193
1064,3.32193
1065,3.32193
1066,3.12193
1067,3.12193
1068,3.12193
1069,3.12193
1070,3.12193
1071,3.32193
1072,2.84644
1073,2.72193
1074,3.32193
1075,3.32193
1076,2.84644
1077,3.12193
1078,2.84644
1079,3.12193
1080,2.92193
1081,3.32193
1082,3.12193
1083,3.32193
1084,2.92193
1085,3.12193
1086,3.12193
1087,3.32193
1088,3.32193
1089,3.32193
1090,3.12193
1091,3.12193
1092,3.12193
1093,3.12193
1094,3.32193
1095,3.32193
1096,2.92193
1097,3.12193
1098,3.12193
1099,3.12193
1100,2.92193
1101,3.12193
1102,2.64644
1103,3.12193
1104,3.12193
1105,3.32193
1106,2.84644
1107,3.12193
1108,2.92193
1109,3.12193
1110,3.12193
1111,3.12193
1112,3.12193
1113,3.32193
1114,3.12193
1115,3.12193
1116,3.12193
1117,3.32193
1118,3.32193
1119,3.12193
1120,3.32193
1121,2.92193
1122,2.92193
1123,3.12193
1124,2.16096
1125,3.12193
1126,2.84644
1127,3.12193
1128,3.32193
1129,3.32193
1130,3.12193
1131,3.32193
1132,3.32193
1133,2.92193
1134,3.12193
1135,3.12193
1136,3.12193
1137,3.32193
1138,3.32193
1139,3.32193
1140,3.32193
1141,3.12193
1142,3.32193
1143,3.12193
1144,3.32193
1145,3.12193
1146,3.32193
1147,3.32193
1148,3.12193
1149,3.12193
1150,3.12193
1151,2.92193
1152,2.92193
1153,3.12193
1154,3.12193
1155,3.32193
1156,3.32193
1157,3.12193
1158,2.64644
1159,3.12193
1160,3.32193
1161,3.12193
1162,3.32193
1163,3.32193
1164,3.32193
1165,3.12193
1166,3.12193
1167,3.12193
1168,3.32193
1169,3.12193
1170,3.12193
1171,3.32193
1172,3.32193
1173,3.32193
1174,3.32193
1175,3.12193
1176,3.12193
1177,3.12193
1178,3.32193
1179,2.92193
1180,3.32193
1181,3.32193
1182,2.92193
1183,3.12193
1184,3.32193
1185,3.32193
1186,3.32193
1187,3.32193
1188,3.32193
1189,3.32193
1190,3.12193
1191,3.32193
1192,3.32193
1193,3.32193
1194,2.92193
1195,3.12193
1196,3.12193
1197,3.12193
1198,3.12193
1199,3.32193
1200,3.32193
1201,3.32193
1202,3.12193
1203,3.32193
1204,2.84644
1205,2.92193
1206,2.92193
1207,3.12193
1208,2.92193
1209,2.32193
1210,3.32193
1211,3.12193
1212,3.12193
1213,3.12193
1214,3.32193
1215,3.32193
1216,3.12193
1217,3.32193
1218,3.32193
1219,3.12193
1220,3.12193
1221,2.64644
1222,2.92193
1223,3.12193
1224,3.32193
1225,3.12193
1226,3.32193
1227,3.32193
1228,3.12193
1229,3.12193
1230,3.32193
1231,3.12193
1232,2.72193
1233,2.92193
1234,3.12193
1235,3.32193
1236,3.32193
1237,3.12193
1238,3.12193
1239,3.32193
1240,3.12193
1241,2.72193
1242,2.84644
1243,3.12193
1244,3.32193
1245,3.32193
1246,3.32193
1247,2.92193
1248,3.12193
1249,3.32193
1250,2.84644
1251,3.12193
1252,2.64644
1253,2.64644
1254,2.84644
1255,3.12193
1256,3.32193
1257,3.12193
1258,3.32193
1259,3.32193
1260,3.12193
1261,3.32193
1262,3.32193
1263,3.32193
1264,3.12193
1265,3.32193
1266,3.12193
1267,3.32193
1268,3.32193
1269,2.84644
1270,3.12193
1271,3.12193
1272,3.32193
1273,3.12193
1274,3.32193
1275,3.12193
1276,3.32193
1277,2.92193
1278,2.92193
1279,2.92193
1280,3.12193
1281,3.32193
1282,3.32193
1283,3.32193
1284,3.32193
1285,3.12193
1286,2.44644
1287,3.32193
1288,3.32193
1289,3.32193
1290,2.84644
1291,3.12193
1292,3.32193
1293,3.12193
1294,3.32193
1295,3.12193
1296,3.12193
1297,3.32193
1298,3.12193
1299,2.84644
1300,2.64644
1301,2.92193
1302,3.32193
1303,3.32193
1304,3.12193
1305,3.32193
1306,3.12193
1307,3.12193
1308,3.32193
1309,3.12193
1310,3.12193
1311,3.12193
1312,3.32193
1313,3.12193
1314,3.32193
1315,3.32193
1316,3.32193
1317,3.32193
1318,3.12193
1319,3.32193
1320,3.32193
1321,3.12193
1322,3.12193
1323,2.92193
1324,3.12193
1325,3.12193
1326,3.32193
1327,3.12193
1328,3.12193
1329,3.12193
1330,2.84644
1331,2.37095
1332,3.32193
1333,3.32193
1334,2.84644
1335,2.92193
1336,3.12193
1337,2.92193
1338,3.12193
1339,3.32193
1340,3.12193
1341,3.12193
1342,3.32193
1343,3.12193
1344,3.12193
1345,3.32193
1346,2.64644
1347,3.32193
1348,2.84644
1349,3.32193
1350,2.92193
1351,3.12193
1352,3.12193
1353,3.32193
1354,3.12193
1355,2.84644
1356,3.32193
1357,3.32193
1358,3.12193
1359,3.32193
1360,2.64644
1361,3.32193
1362,3.32193
1363,3.12193
1364,3.12193
1365,3.12193
1366,2.92193
1367,3.12193
1368,3.12193
1369,2.52193
1370,3.32193
1371,3.12193
1372,2.92193
1373,2.84644
1374,3.12193
1375,3.32193
1376,3.12193
1377,3.32193
1378,3.12193
1379,3.12193
1380,2.64644
1381,3.32193
1382,3.32193
1383,3.32193
1384,3.12193
1385,3.32193
1386,3.12193
1387,3.32193
1388,3.12193
1389,3.32193
1390,3.32193
1391,3.32193
1392,3.12193
1393,3.32193
1394,3.12193
1395,2.92193
1396,3.32193
1397,3.12193
1398,3.12193
1399,3.12193
1400,3.12193
1401,3.12193
1402,3.32193
1403,3.12193
1404,3.12193
1405,3.12193
1406,3.32193
1407,3.32193
1408,3.12193
1409,3.12193
1410,3.12193
1411,2.64644
1412,2.92193
1413,3.32193
1414,2.84644
1415,3.32193
1416,2.64644
1417,3.12193
1418,3.32193
1419,2.84644
1420,3.12193
1421,3.32193
1422,3.12193
1423,3.12193
1424,3.32193
1425,3.12193
1426,3.32193
1427,3.12193
1428,3.12193
1429,3.32193
1430,2.64644
1431,3.12193
1432,3.12193
1433,3.32193
1434,3.32193
1435,3.12193
1436,3.32193
1437,3.32193
1438,2.92193
1439,2.92193
1440,3.32193
1441,2.92193
1442,3.12193
1443,3.32193
1444,3.32193
1445,3.12193
1446,3.12193
1447,3.12193
1448,3.32193
1449,3.32193
1450,3.12193
1451,3.32193
1452,3.32193
1453,3.12193
1454,3.32193
1455,3.32193
1456,3.12193
1457,3.12193
1458,3.32193
1459,2.92193
1460,2.84644
1461,3.12193
1462,3.12193
1463,3.12193
1464,2.92193
1465,3.12193
1466,2.52193
1467,3.32193
1468,3.12193
1469,3.12193
1470,3.32193
1471,3.12193
1472,3.32193
1473,3.12193
1474,3.12193
1475,3.32193
1476,2.84644
1477,3.12193
1478,3.12193
1479,2.84644
1480,2.52193
1481,2.84644
1482,3.32193
1483,3.12193
1484,3.32193
1485,3.32193
1486,2.92193
1487,3.32193
1488,2.84644
1489,3.12193
1490,3.12193
1491,3.32193
1492,3.32193
1493,3.32193
1494,3.32193
1495,3.32193
1496,3.32193
1497,3.32193
1498,3.12193
1499,3.12193
1500,3.32193
1501,3.32193
1502,3.12193
1503,3.32193
1504,2.64644
1505,3.12193
1506,3.12193
1507,3.32193
1508,3.12193
1509,3.12193
1510,3.12193
1511,3.32193
1512,3.32193
1513,2.92193
1514,3.32193
1515,3.32193
1516,3.32193
1517,3.12193
1518,2.84644
1519,2.84644
1520,3.12193
1521,3.12193
1522,3.12193
1523,3.12193
1524,3.12193
1525,3.32193
1526,3.12193
1527,3.32193
1528,3.12193
1529,3.32193
1530,3.12193
1531,3.32193
1532,3.12193
1533,2.92193
1534,3.12193
1535,3.12193
1536,3.32193
1537,3.32193
1538,3.32193
1539,2.64644
1540,2.92193
1541,3.12193
1542,3.32193
1543,3.32193
1544,3.12193
1545,2.92193
1546,3.12193
1547,2.52193
1548,3.12193
1549,2.92193
1550,3.12193
1551,3.32193
1552,3.32193
1553,2.84644
1554,3.12193
1555,3.12193
1556,3.32193
1557,3.32193
1558,3.12193
1559,3.12193
1560,3.32193
1561,2.84644
1562,3.32193
1563,2.92193
1564,3.12193
1565,3.12193
1566,3.32193
1567,3.12193
1568,2.92193
1569,3.32193
1570,3.32193
1571,3.32193
1572,3.32193
1573,2.64644
1574,2.64644
1575,3.12193
1576,3.32193
1577,3.32193
1578,3.12193
1579,3.12193
1580,2.84644
1581,2.84644
1582,3.12193
1583,3.12193
1584,3.32193
1585,3.32193
1586,3.12193
1587,2.92193
1588,3.12193
1589,3.12193
1590,3.32193
1591,3.12193
1592,2.92193
1593,2.92193
1594,2.92193
1595,3.32193
1596,3.32193
1597,3.12193
1598,2.92193
1599,3.12193
1600,3.12193
1601,2.92193
1602,3.32193
1603,2.92193
1604,3.32193
1605,3.12193
1606,3.12193
1607,3.12193
1608,3.12193
1609,3.12193
1610,2.72193
1611,2.92193
1612,3.12193
1613,3.32193
1614,2.92193
1615,3.32193
1616,3.32193
1617,3.12193
1618,3.32193
1619,3.12193
1620,3.32193
1621,3.32193
1622,3.12193
1623,3.32193
1624,3.32193
1625,3.32193
1626,3.12193
1627,3.12193
1628,3.32193
1629,3.12193
1630,2.92193
1631,2.84644
1632,2.84644
1633,3.12193
1634,3.12193
1635,3.12193
1636,2.92193
1637,3.32193
1638,3.12193
1639,2.84644
1640,3.12193
1641,3.12193
1642,3.12193
1643,3.12193
1644,3.12193
1645,3.32193
1646,3.12193
1647,3.32193
1648,3.12193
1649,2.92193
1650,3.12193
1651,3.12193
1652,3.12193
1653,2.92193
1654,3.32193
1655,3.12193
1656,2.92193
1657,3.12193
1658,3.12193
1659,3.32193
1660,3.32193
1661,3.12193
1662,3.12193
1663,3.12193
1664,3.32193
1665,3.32193
1666,2.37095
1667,3.12193
1668,2.92193
1669,2.84644
1670,3.32193
1671,3.12193
1672,3.12193
1673,3.32193
1674,3.12193
1675,2.92193
1676,3.12193
1677,3.32193
1678,3.32193
1679,3.32193
1680,2.32193
1681,3.12193
1682,3.12193
1683,2.44644
1684,3.32193
1685,3.32193
1686,3.12193
1687,3.32193
1688,3.32193
1689,3.32193
1690,3.12193
1691,3.32193
1692,2.84644
1693,3.32193
1694,3.32193
1695,3.32193
1696,3.32193
1697,3.12193
1698,3.32193
1699,2.92193
1700,3.12193
1701,3.32193
1702,3.12193
1703,3.32193
1704,3.12193
1705,3.32193
1706,3.32193
1707,3.32193
1708,3.12193
1709,3.32193
1710,3.32193
1711,3.32193
1712,3.32193
1713,3.32193
1714,3.12193
1715,3.32193
1716,3.32193
1717,3.32193
1718,3.32193
1719,3.12193
1720,2.84644
1721,3.12193
1722,3.32193
1723,3.32193
1724,3.12193
1725,2.92193
1726,3.32193
1727,3.12193
1728,3.32193
1729,3.32193
1730,2.84644
1731,2.92193
1732,2.84644
1733,3.32193
1734,2.92193
1735,3.32193
1736,3.12193
1737,3.32193
1738,3.12193
1739,3.12193
1740,3.12193
1741,3.12193
1742,3.32193
1743,3.12193
1744,3.32193
1745,3.32193
1746,3.32193
1747,3.12193
1748,3.12193
1749,3.12193
1750,3.32193
1751,3.32193
1752,3.32193
1753,3.12193
1754,3.32193
1755,2.92193
1756,2.92193
1757,2.92193
1758,2.84644
1759,3.12193
1760,3.32193
1761,3.12193
1762,3.12193
1763,2.92193
1764,2.44644
1765,2.84644
1766,2.64644
1767,2.92193
1768,3.32193
1769,3.32193
1770,3.32193
1771,3.12193
1772,3.12193
1773,3.12193
1774,3.32193
1775,2.92193
1776,3.12193
1777,3.32193
1778,3.32193
1779,3.12193
1780,3.32193
1781,3.32193
1782,2.92193
1783,3.12193
1784,3.12193
1785,3.32193
1786,3.12193
1787,3.32193
1788,3.32193
1789,3.32193
1790,3.32193
1791,3.32193
1792,3.32193
1793,3.32193
1794,3.12193
1795,3.32193
1796,3.12193
1797,2.84644
1798,3.12193
1799,3.32193
1800,3.12193
1801,2.84644
1802,3.32193
1803,3.32193
1804,3.32193
1805,3.32193
1806,3.12193
1807,3.32193
1808,3.12193
1809,3.12193
1810,3.12193
1811,2.64644
1812,2.92193
1813,3.12193
1814,2.92193
1815,3.32193
1816,3.12193
1817,2.64644
1818,2.84644
1819,3.12193
1820,2.84644
1821,3.32193
1822,3.32193
1823,3.32193
1824,2.72193
1825,3.32193
1826,3.32193
1827,2.92193
1828,3.32193
1829,3.32193
1830,2.92193
1831,3.32193
1832,2.84644
1833,3.12193
1834,2.84644
1835,3.12193
1836,3.32193
1837,3.12193
1838,3.32193
1839,3.32193
1840,3.12193
1841,2.92193
1842,2.92193
1843,2.64644
1844,2.92193
1845,2.64644
1846,3.12193
1847,3.32193
1848,2.92193
1849,2.84644
1850,2.64644
1851,3.32193
1852,3.32193
1853,2.92193
1854,2.72193
1855,2.64644
1856,2.84644
1857,2.84644
1858,3.12193
1859,3.32193
1860,3.12193
1861,3.12193
1862,2.84644
1863,2.92193
1864,2.92193
1865,3.32193
1866,3.12193
1867,3.32193
1868,3.12193
1869,3.12193
1870,3.12193
1871,2.92193
1872,3.32193
1873,3.32193
1874,2.52193
1875,3.32193
1876,3.32193
1877,3.32193
1878,3.12193
1879,2.72193
1880,3.32193
1881,3.32193
1882,3.12193
1883,3.32193
1884,3.12193
1885,3.12193
1886,3.12193
1887,3.12193
1888,3.32193
1889,3.12193
1890,3.12193
1891,3.32193
1892,3.32193
1893,3.12193
1894,3.32193
1895,3.32193
1896,2.92193
1897,3.12193
1898,3.12193
1899,2.92193
1900,3.12193
1901,3.12193
1902,2.52193
1903,3.32193
1904,2.92193
1905,3.12193
1906,2.92193
1907,2.92193
1908,3.32193
1909,2.84644
1910,3.32193
1911,3.12193
1912,3.12193
1913,2.84644
1914,3.32193
1915,3.32193
1916,3.32193
1917,3.32193
1918,3.32193
1919,2.64644
1920,3.32193
1921,3.12193
1922,3.32193
1923,3.32193
1924,3.32193
1925,2.72193
1926,3.12193
1927,3.32193
1928,3.32193
1929,2.92193
1930,3.12193
1931,3.12193
1932,3.32193
1933,3.32193
1934,3.12193
1935,3.32193
1936,2.84644
1937,2.64644
1938,3.12193
1939,3.32193
1940,3.32193
1941,3.12193
1942,2.84644
1943,3.32193
1944,3.12193
1945,3.12193
1946,3.32193
1947,3.32193
1948,3.32193
1949,3.32193
1950,3.32193
1951,2.84644
1952,3.32193
1953,3.32193
1954,3.32193
1955,3.12193
1956,3.12193
1957,3.32193
1958,3.32193
1959,3.32193
1960,3.12193
1961,2.92193
1962,3.12193
1963,3.32193
1964,3.32193
1965,3.12193
1966,3.12193
1967,3.12193
1968,3.12193
1969,2.52193
1970,3.12193
1971,3.32193
1972,3.12193
1973,2.84644
1974,3.12193
1975,3.32193
1976,2.37095
1977,2.92193
1978,2.92193
1979,3.12193
1980,3.12193
1981,3.32193
1982,3.32193
1983,3.32193
1984,3.32193
1985,3.32193
1986,3.12193
1987,3.12193
1988,2.64644
1989,3.32193
1990,3.12193
1991,2.64644
1992,3.12193
1993,3.32193
1994,3.12193
1995,3.32193
1996,2.84644
1997,2.92193
1998,3.32193
1999,3.12193
