0,3.32193
1,2.84644
2,3.12193
3,2.92193
4,3.32193
5,2.84644
6,3.32193
7,3.32193
8,2.84644
9,2.92193
10,3.32193
11,3.32193
12,2.52193
13,3.12193
14,3.32193
15,3.12193
16,3.32193
17,3.12193
18,3.12193
19,3.32193
20,3.32193
21,3.32193
22,3.32193
23,3.32193
24,2.84644
25,2.92193
26,3.12193
27,3.32193
28,3.12193
29,3.12193
30,2.84644
31,3.32193
32,3.12193
33,3.12193
34,3.32193
35,2.92193
36,3.32193
37,3.12193
38,3.32193
39,3.32193
40,3.12193
41,3.12193
42,2.92193
43,3.32193
44,3.32193
45,3.12193
46,3.32193
47,3.32193
48,3.32193
49,3.32193
50,3.12193
51,3.12193
52,3.12193
53,3.32193
54,3.32193
55,3.32193
56,3.32193
57,3.32193
58,3.32193
59,3.32193
60,3.32193
61,3.12193
62,3.32193
63,3.12193
64,3.12193
65,3.12193
66,2.84644
67,2.64644
68,3.12193
69,3.32193
70,3.32193
71,3.12193
72,3.32193
73,3.32193
74,3.12193
75,3.32193
76,3.32193
77,3.32193
78,3.12193
79,3.32193
80,2.92193
81,3.12193
82,3.32193
83,2.72193
84,2.92193
85,3.32193
86,3.32193
87,3.12193
88,3.12193
89,3.12193
90,2.92193
91,2.84644
92,2.52193
93,2.92193
94,3.12193
95,3.12193
96,3.32193
97,3.12193
98,3.12193
99,2.92193
100,3.32193
101,3.32193
102,3.32193
103,3.32193
104,3.32193
105,3.32193
106,3.12193
107,3.12193
108,2.92193
109,3.32193
110,2.64644
111,3.32193
112,3.32193
113,3.12193
114,2.84644
115,3.12193
116,3.32193
117,3.32193
118,3.32193
119,3.12193
120,3.12193
121,3.12193
122,3.12193
123,3.32193
124,3.12193
125,3.32193
126,3.32193
127,3.12193
128,3.12193
129,3.32193
130,2.92193
131,2.84644
132,3.32193
133,2.32193
134,3.32193
135,3.32193
136,3.12193
137,3.12193
138,3.12193
139,2.37095
140,3.12193
141,3.32193
142,3.12193
143,3.32193
144,3.32193
145,3.32193
146,2.92193
147,2.64644
148,3.12193
149,3.12193
150,3.32193
151,3.32193
152,2.84644
153,3.12193
154,3.12193
155,2.32193
156,3.12193
157,2.92193
158,3.12193
159,2.92193
160,2.92193
161,3.32193
162,3.32193
163,3.32193
164,3.12193
165,3.32193
166,3.12193
167,2.92193
168,3.12193
169,3.12193
170,3.32193
171,3.12193
172,3.32193
173,3.12193
174,3.32193
175,3.12193
176,2.64644
177,3.32193
178,2.92193
179,3.12193
180,3.32193
181,3.32193
182,3.12193
183,3.32193
184,3.32193
185,3.12193
186,3.12193
187,3.12193
188,3.12193
189,3.12193
190,3.12193
191,3.12193
192,3.32193
193,3.12193
194,3.32193
195,3.32193
196,3.32193
197,2.92193
198,3.12193
199,2.92193
200,3.12193
201,3.32193
202,3.12193
203,3.32193
204,3.32193
205,2.84644
206,3.32193
207,2.92193
208,3.32193
209,3.12193
210,2.92193
211,2.84644
212,3.32193
213,3.12193
214,2.84644
215,2.92193
216,2.52193
217,3.12193
218,2.84644
219,3.32193
220,3.32193
221,3.32193
222,3.32193
223,3.32193
224,2.64644
225,2.92193
226,3.12193
227,3.12193
228,3.32193
229,3.12193
230,3.32193
231,3.32193
232,3.12193
233,3.32193
234,2.84644
235,2.92193
236,3.32193
237,2.92193
238,3.32193
239,2.84644
240,3.32193
241,3.32193
242,3.12193
243,3.12193
244,3.12193
245,3.12193
246,2.92193
247,3.12193
248,3.32193
249,2.92193
250,3.12193
251,3.32193
252,3.32193
253,2.84644
254,3.12193
255,3.32193
256,3.32193
257,3.32193
258,3.12193
259,2.92193
260,2.92193
261,2.92193
262,3.12193
263,2.92193
264,3.12193
265,3.32193
266,3.12193
267,3.12193
268,2.92193
269,3.32193
270,3.32193
271,2.84644
272,3.12193
273,3.32193
274,3.12193
275,3.12193
276,3.32193
277,3.32193
278,3.12193
279,2.92193
280,3.32193
281,3.12193
282,3.12193
283,3.12193
284,3.32193
285,3.12193
286,3.32193
287,3.32193
288,3.32193
289,3.12193
290,3.32193
291,3.12193
292,3.32193
293,3.32193
294,3.12193
295,3.12193
296,3.12193
297,3.32193
298,2.84644
299,3.12193
300,3.32193
301,3.12193
302,3.12193
303,3.12193
304,3.12193
305,3.12193
306,3.32193
307,3.32193
308,2.84644
309,2.84644
310,2.92193
311,3.32193
312,3.12193
313,3.12193
314,3.12193
315,3.12193
316,3.12193
317,3.12193
318,3.32193
319,3.32193
320,3.12193
321,3.12193
322,3.12193
323,3.12193
324,3.12193
325,3.12193
326,3.32193
327,3.12193
328,2.84644
329,3.32193
330,3.32193
331,3.12193
332,3.12193
333,3.32193
334,3.12193
335,3.12193
336,3.12193
337,3.32193
338,3.32193
339,3.32193
340,2.52193
341,3.32193
342,3.32193
343,2.32193
344,2.92193
345,2.92193
346,3.32193
347,2.84644
348,3.32193
349,3.12193
350,3.12193
351,3.32193
352,3.32193
353,3.32193
354,3.12193
355,2.92193
356,3.12193
357,3.12193
358,3.12193
359,3.32193
360,3.12193
361,2.92193
362,3.12193
363,2.92193
364,3.12193
365,3.32193
366,3.12193
367,3.32193
368,3.32193
369,3.32193
370,3.32193
371,3.12193
372,2.92193
373,2.92193
374,3.12193
375,3.12193
376,3.32193
377,3.12193
378,3.12193
379,3.32193
380,3.12193
381,2.92193
382,3.12193
383,3.32193
384,3.12193
385,3.12193
386,3.32193
387,3.12193
388,3.12193
389,3.12193
390,3.12193
391,3.32193
392,3.32193
393,3.12193
394,3.32193
395,3.12193
396,3.32193
397,3.32193
398,3.12193
399,3.12193
400,2.84644
401,3.32193
402,3.12193
403,3.32193
404,3.12193
405,3.12193
406,3.32193
407,3.32193
408,3.32193
409,3.12193
410,3.12193
411,3.32193
412,3.32193
413,3.32193
414,3.32193
415,3.12193
416,3.12193
417,3.32193
418,3.12193
419,3.12193
420,2.52193
421,2.92193
422,2.52193
423,3.32193
424,3.12193
425,3.12193
426,3.12193
427,3.32193
428,3.32193
429,2.92193
430,3.12193
431,3.32193
432,3.12193
433,3.32193
434,3.32193
435,3.32193
436,3.32193
437,3.32193
438,3.32193
439,3.12193
440,3.32193
441,2.84644
442,3.32193
443,3.32193
444,3.32193
445,3.32193
446,3.32193
447,2.92193
448,2.52193
449,3.32193
450,2.52193
451,3.32193
452,3.32193
453,2.84644
454,2.92193
455,3.12193
456,2.84644
457,3.12193
458,2.84644
459,3.12193
460,3.32193
461,3.12193
462,3.12193
463,2.92193
464,3.32193
465,3.12193
466,2.92193
467,3.12193
468,3.32193
469,3.32193
470,3.32193
471,3.32193
472,3.32193
473,3.12193
474,3.12193
475,3.12193
476,3.32193
477,3.12193
478,2.92193
479,3.12193
480,3.32193
481,3.12193
482,2.92193
483,3.12193
484,2.92193
485,3.12193
486,3.12193
487,3.32193
488,3.12193
489,3.12193
490,3.12193
491,2.84644
492,3.12193
493,3.32193
494,3.32193
495,2.84644
496,2.84644
497,3.32193
498,3.32193
499,3.32193
500,3.12193
501,3.12193
502,3.32193
503,3.12193
504,3.12193
505,3.32193
506,2.92193
507,3.32193
508,2.92193
509,3.12193
510,2.84644
511,2.52193
512,3.12193
513,3.32193
514,3.32193
515,3.32193
516,3.12193
517,3.12193
518,3.12193
519,2.72193
520,3.12193
521,3.12193
522,2.92193
523,3.12193
524,3.12193
525,2.92193
526,3.32193
527,3.12193
528,3.32193
529,3.32193
530,3.32193
531,3.32193
532,2.84644
533,3.12193
534,3.32193
535,3.12193
536,3.32193
537,3.32193
538,3.32193
539,3.32193
540,3.12193
541,2.84644
542,2.84644
543,3.12193
544,3.32193
545,3.12193
546,3.12193
547,3.32193
548,3.32193
549,3.32193
550,3.32193
551,3.32193
552,2.72193
553,2.92193
554,3.12193
555,3.32193
556,2.52193
557,3.12193
558,3.32193
559,3.32193
560,2.64644
561,3.12193
562,2.72193
563,3.12193
564,3.12193
565,3.32193
566,3.32193
567,3.32193
568,3.12193
569,3.32193
570,3.12193
571,3.32193
572,3.32193
573,3.32193
574,3.12193
575,3.12193
576,3.12193
577,3.32193
578,3.32193
579,2.64644
580,3.32193
581,3.32193
582,3.32193
583,2.64644
584,2.72193
585,3.12193
586,3.12193
587,3.12193
588,3.32193
589,3.12193
590,3.12193
591,3.12193
592,3.32193
593,2.84644
594,3.32193
595,3.12193
596,3.12193
597,3.32193
598,3.32193
599,3.12193
600,3.32193
601,3.12193
602,3.12193
603,3.12193
604,2.92193
605,2.92193
606,3.32193
607,3.12193
608,3.12193
609,3.12193
610,3.12193
611,3.32193
612,2.72193
613,3.32193
614,3.12193
615,3.12193
616,3.12193
617,3.32193
618,3.32193
619,3.32193
620,3.12193
621,3.32193
622,3.12193
623,3.32193
624,3.12193
625,3.32193
626,3.12193
627,3.12193
628,3.12193
629,3.32193
630,3.12193
631,3.12193
632,3.12193
633,2.92193
634,3.12193
635,3.12193
636,3.12193
637,2.84644
638,3.32193
639,3.32193
640,2.84644
641,3.12193
642,3.12193
643,3.32193
644,3.12193
645,3.12193
646,3.12193
647,2.52193
648,2.52193
649,2.32193
650,3.32193
651,3.12193
652,3.12193
653,3.12193
654,3.12193
655,3.32193
656,3.32193
657,3.12193
658,2.92193
659,3.12193
660,2.92193
661,3.12193
662,2.84644
663,3.32193
664,3.12193
665,3.32193
666,3.32193
667,3.32193
668,3.32193
669,3.32193
670,3.32193
671,3.12193
672,3.12193
673,3.12193
674,2.84644
675,3.12193
676,3.32193
677,3.12193
678,3.32193
679,3.32193
680,3.12193
681,3.12193
682,2.84644
683,3.12193
684,3.32193
685,3.32193
686,3.12193
687,3.12193
688,3.12193
689,3.32193
690,3.32193
691,3.32193
692,3.32193
693,3.32193
694,3.32193
695,3.32193
696,3.12193
697,3.32193
698,3.12193
699,2.92193
700,3.32193
701,3.12193
702,3.12193
703,2.92193
704,3.12193
705,3.32193
706,2.84644
707,2.92193
708,3.12193
709,3.32193
710,3.32193
711,3.32193
712,3.12193
713,2.92193
714,2.84644
715,3.12193
716,3.32193
717,3.32193
718,2.84644
719,2.92193
720,3.32193
721,3.12193
722,2.84644
723,3.32193
724,3.32193
725,3.12193
726,3.32193
727,3.32193
728,3.32193
729,3.12193
730,3.12193
731,3.32193
732,2.84644
733,3.32193
734,3.32193
735,2.92193
736,2.92193
737,2.84644
738,2.92193
739,2.92193
740,3.12193
741,3.12193
742,3.12193
743,3.32193
744,3.12193
745,3.32193
746,3.32193
747,3.12193
748,3.12193
749,3.12193
750,2.84644
751,3.32193
752,3.12193
753,2.92193
754,2.92193
755,3.12193
756,2.32193
757,2.92193
758,3.32193
759,3.32193
760,2.92193
761,3.12193
762,3.32193
763,3.32193
764,2.52193
765,3.12193
766,2.92193
767,3.32193
768,3.32193
769,3.32193
770,2.92193
771,3.32193
772,3.32193
773,2.92193
774,3.12193
775,2.72193
776,3.32193
777,3.32193
778,3.32193
779,3.32193
780,3.12193
781,2.84644
782,3.12193
783,2.64644
784,2.84644
785,3.12193
786,3.12193
787,3.12193
788,2.52193
789,3.12193
790,3.12193
791,3.32193
792,2.92193
793,2.92193
794,3.32193
795,2.84644
796,3.12193
797,3.32193
798,3.32193
799,2.84644
800,3.32193
801,3.32193
802,3.12193
803,2.92193
804,3.12193
805,3.32193
806,3.32193
807,3.32193
808,3.32193
809,3.12193
810,3.12193
811,3.32193
812,2.92193
813,3.32193
814,3.12193
815,3.12193
816,3.32193
817,3.12193
818,3.12193
819,3.32193
820,3.12193
821,3.32193
822,3.32193
823,3.12193
824,3.32193
825,2.64644
826,2.84644
827,2.92193
828,3.12193
829,3.12193
830,3.12193
831,3.12193
832,3.32193
833,3.12193
834,2.64644
835,3.32193
836,3.12193
837,3.32193
838,3.32193
839,3.12193
840,3.12193
841,3.12193
842,3.12193
843,2.84644
844,2.84644
845,3.32193
846,3.32193
847,3.12193
848,3.32193
849,3.32193
850,3.32193
851,3.32193
852,3.32193
853,2.92193
854,3.32193
855,3.12193
856,3.32193
857,3.12193
858,3.12193
859,3.12193
860,3.12193
861,3.32193
862,3.12193
863,3.12193
864,3.12193
865,3.32193
866,3.32193
867,3.12193
868,2.92193
869,2.92193
870,3.12193
871,3.32193
872,2.92193
873,2.64644
874,3.12193
875,3.32193
876,2.92193
877,3.12193
878,2.92193
879,3.12193
880,3.12193
881,3.32193
882,2.64644
883,2.84644
884,2.64644
885,3.12193
886,2.64644
887,2.92193
888,3.12193
889,3.32193
890,2.92193
891,3.12193
892,2.92193
893,3.32193
894,3.32193
895,3.12193
896,2.92193
897,3.12193
898,3.12193
899,2.92193
900,2.84644
901,3.32193
902,3.12193
903,2.72193
904,3.12193
905,3.32193
906,3.32193
907,3.32193
908,3.32193
909,3.32193
910,2.92193
911,3.12193
912,3.32193
913,3.32193
914,3.32193
915,2.44644
916,2.64644
917,2.92193
918,3.32193
919,3.32193
920,3.12193
921,2.84644
922,3.12193
923,3.12193
924,3.12193
925,3.32193
926,3.32193
927,3.32193
928,3.32193
929,3.32193
930,3.32193
931,3.12193
932,3.32193
933,3.32193
934,2.92193
935,3.12193
936,2.84644
937,2.64644
938,2.32193
939,3.32193
940,3.32193
941,3.32193
942,3.32193
943,3.12193
944,3.12193
945,3.12193
946,2.92193
947,2.16096
948,2.84644
949,3.32193
950,3.12193
951,3.12193
952,2.92193
953,3.32193
954,3.12193
955,3.32193
956,2.92193
957,3.12193
958,3.32193
959,3.32193
960,3.32193
961,3.12193
962,3.32193
963,3.32193
964,3.32193
965,3.12193
966,2.92193
967,3.12193
968,3.12193
969,3.12193
970,3.12193
971,3.32193
972,2.92193
973,3.12193
974,2.84644
975,3.12193
976,3.32193
977,2.64644
978,3.12193
979,3.32193
980,3.32193
981,2.84644
982,3.32193
983,2.92193
984,3.32193
985,3.12193
986,3.12193
987,3.32193
988,2.92193
989,3.12193
990,3.12193
991,2.84644
992,3.32193
993,3.12193
994,3.12193
995,3.32193
996,3.12193
997,3.12193
998,3.12193
999,3.32193
1000,3.12193
1001,2.92193
1002,3.32193
1003,2.84644
1004,3.12193
1005,3.12193
1006,3.32193
1007,2.92193
1008,3.12193
1009,3.32193
1010,3.32193
1011,3.12193
1012,3.12193
1013,2.92193
1014,2.84644
1015,3.12193
1016,3.32193
1017,3.32193
1018,2.92193
1019,3.32193
1020,2.84644
1021,3.32193
1022,2.92193
1023,3.12193
1024,3.32193
1025,3.12193
1026,3.12193
1027,2.64644
1028,3.12193
1029,2.92193
1030,2.92193
1031,2.92193
1032,3.12193
1033,3.12193
1034,3.32193
1035,3.32193
1036,3.12193
1037,3.12193
1038,3.12193
1039,3.12193
1040,3.32193
1041,3.12193
1042,3.12193
1043,3.32193
1044,2.92193
1045,3.32193
1046,2.84644
1047,3.32193
1048,3.12193
1049,3.12193
1050,3.32193
1051,2.92193
1052,3.32193
1053,3.12193
1054,3.12193
1055,3.12193
1056,2.84644
1057,2.92193
1058,3.12193
1059,3.12193
1060,3.32193
1061,3.32193
1062,3.32193
1063,3.32193
1064,3.32193
1065,3.12193
1066,3.12193
1067,2.92193
1068,3.12193
1069,2.52193
1070,3.12193
1071,2.64644
1072,2.84644
1073,2.84644
1074,3.32193
1075,3.12193
1076,3.32193
1077,3.32193
1078,2.84644
1079,2.84644
1080,3.32193
1081,3.12193
1082,3.12193
1083,2.92193
1084,3.12193
1085,3.12193
1086,2.84644
1087,2.92193
1088,3.12193
1089,2.92193
1090,3.32193
1091,3.32193
1092,3.32193
1093,3.12193
1094,3.32193
1095,3.12193
1096,3.32193
1097,3.32193
1098,3.12193
1099,3.32193
1100,3.12193
1101,3.32193
1102,3.32193
1103,3.32193
1104,3.12193
1105,2.92193
1106,2.84644
1107,3.32193
1108,3.32193
1109,2.92193
1110,3.32193
1111,3.12193
1112,3.12193
1113,3.32193
1114,2.92193
1115,3.32193
1116,3.12193
1117,3.32193
1118,2.64644
1119,3.32193
1120,2.64644
1121,3.32193
1122,2.84644
1123,3.32193
1124,3.32193
1125,3.12193
1126,3.32193
1127,3.32193
1128,3.32193
1129,3.32193
1130,3.12193
1131,3.32193
1132,3.12193
1133,3.12193
1134,2.92193
1135,3.12193
1136,3.32193
1137,2.84644
1138,3.12193
1139,3.12193
1140,3.32193
1141,3.12193
1142,2.92193
1143,3.32193
1144,2.92193
1145,2.84644
1146,3.12193
1147,2.92193
1148,3.12193
1149,3.32193
1150,3.12193
1151,3.32193
1152,3.12193
1153,3.12193
1154,3.12193
1155,3.32193
1156,2.84644
1157,3.12193
1158,3.12193
1159,3.12193
1160,3.12193
1161,3.12193
1162,3.32193
1163,3.12193
1164,3.32193
1165,3.12193
1166,3.12193
1167,3.12193
1168,3.32193
1169,3.32193
1170,3.12193
1171,3.32193
1172,3.32193
1173,3.32193
1174,2.92193
1175,3.32193
1176,3.32193
1177,3.32193
1178,3.32193
1179,3.12193
1180,3.32193
1181,3.32193
1182,3.12193
1183,3.32193
1184,2.92193
1185,3.12193
1186,3.32193
1187,3.12193
1188,3.12193
1189,3.32193
1190,2.52193
1191,3.12193
1192,3.12193
1193,2.92193
1194,3.12193
1195,3.32193
1196,3.32193
1197,3.32193
1198,3.12193
1199,3.12193
1200,3.12193
1201,3.32193
1202,3.12193
1203,2.84644
1204,2.84644
1205,3.32193
1206,3.12193
1207,3.12193
1208,3.12193
1209,3.12193
1210,3.12193
1211,3.32193
1212,3.12193
1213,3.32193
1214,3.32193
1215,3.32193
1216,3.12193
1217,3.32193
1218,3.32193
1219,3.32193
1220,3.32193
1221,3.12193
1222,3.32193
1223,3.12193
1224,3.32193
1225,2.72193
1226,3.32193
1227,3.32193
1228,2.92193
1229,3.32193
1230,3.12193
1231,3.12193
1232,3.12193
1233,3.12193
1234,3.32193
1235,3.32193
1236,2.84644
1237,3.32193
1238,3.32193
1239,3.12193
1240,3.32193
1241,3.32193
1242,2.92193
1243,3.12193
1244,3.32193
1245,3.12193
1246,2.84644
1247,3.32193
1248,3.12193
1249,2.84644
1250,3.32193
1251,3.32193
1252,2.84644
1253,3.12193
1254,2.84644
1255,3.12193
1256,3.12193
1257,2.84644
1258,2.52193
1259,2.92193
1260,3.32193
1261,2.92193
1262,3.32193
1263,3.12193
1264,2.84644
1265,3.12193
1266,3.32193
1267,3.32193
1268,3.32193
1269,3.32193
1270,3.12193
1271,3.12193
1272,3.32193
1273,2.92193
1274,2.92193
1275,3.12193
1276,3.32193
1277,2.92193
1278,3.12193
1279,3.32193
1280,3.12193
1281,3.12193
1282,2.84644
1283,3.32193
1284,3.12193
1285,3.32193
1286,3.12193
1287,2.92193
1288,3.12193
1289,3.12193
1290,2.92193
1291,2.92193
1292,3.32193
1293,3.12193
1294,3.32193
1295,3.32193
1296,3.32193
1297,3.12193
1298,3.32193
1299,3.12193
1300,3.32193
1301,2.92193
1302,3.32193
1303,2.92193
1304,3.12193
1305,3.32193
1306,3.12193
1307,3.12193
1308,3.12193
1309,2.92193
1310,3.32193
1311,2.92193
1312,3.12193
1313,3.32193
1314,3.12193
1315,2.92193
1316,3.32193
1317,3.32193
1318,3.32193
1319,3.32193
1320,3.12193
1321,3.32193
1322,3.12193
1323,3.32193
1324,3.12193
1325,3.12193
1326,3.12193
1327,3.32193
1328,2.84644
1329,3.12193
1330,2.64644
1331,2.92193
1332,2.84644
1333,3.32193
1334,3.12193
1335,3.12193
1336,3.32193
1337,3.12193
1338,2.92193
1339,2.92193
1340,3.32193
1341,3.12193
1342,3.12193
1343,3.12193
1344,3.32193
1345,2.92193
1346,3.12193
1347,3.32193
1348,3.32193
1349,2.92193
1350,3.32193
1351,3.12193
1352,3.12193
1353,3.32193
1354,3.12193
1355,3.12193
1356,2.84644
1357,3.12193
1358,3.32193
1359,3.32193
1360,3.32193
1361,3.32193
1362,3.12193
1363,3.32193
1364,3.32193
1365,3.12193
1366,3.32193
1367,2.92193
1368,3.32193
1369,3.32193
1370,3.12193
1371,3.12193
1372,3.32193
1373,3.12193
1374,3.12193
1375,3.12193
1376,3.12193
1377,3.32193
1378,3.32193
1379,2.92193
1380,3.12193
1381,2.84644
1382,3.32193
1383,2.84644
1384,3.12193
1385,3.12193
1386,2.72193
1387,3.12193
1388,3.32193
1389,3.12193
1390,2.92193
1391,3.32193
1392,3.12193
1393,3.32193
1394,3.12193
1395,3.12193
1396,2.92193
1397,3.32193
1398,2.84644
1399,2.92193
1400,3.32193
1401,3.12193
1402,3.12193
1403,3.12193
1404,3.12193
1405,3.12193
1406,3.32193
1407,3.32193
1408,3.32193
1409,3.32193
1410,3.32193
1411,3.12193
1412,3.32193
1413,2.92193
1414,3.32193
1415,3.32193
1416,2.32193
1417,3.12193
1418,3.12193
1419,2.84644
1420,3.12193
1421,3.12193
1422,3.12193
1423,3.12193
1424,3.12193
1425,3.32193
1426,3.32193
1427,3.32193
1428,3.32193
1429,3.12193
1430,3.12193
1431,3.12193
1432,2.92193
1433,3.32193
1434,3.32193
1435,3.32193
1436,3.12193
1437,3.12193
1438,3.32193
1439,3.32193
1440,3.12193
1441,3.12193
1442,3.12193
1443,2.84644
1444,3.32193
1445,3.12193
1446,2.64644
1447,2.84644
1448,3.32193
1449,3.32193
1450,3.32193
1451,3.32193
1452,2.92193
1453,3.32193
1454,3.32193
1455,3.12193
1456,3.12193
1457,3.32193
1458,3.32193
1459,3.32193
1460,3.12193
1461,3.32193
1462,3.32193
1463,3.12193
1464,3.32193
1465,3.32193
1466,3.12193
1467,3.32193
1468,2.92193
1469,3.12193
1470,3.12193
1471,3.12193
1472,3.32193
1473,3.12193
1474,3.12193
1475,2.92193
1476,2.84644
1477,2.92193
1478,3.12193
1479,3.12193
1480,2.92193
1481,3.12193
1482,3.12193
1483,3.32193
1484,2.52193
1485,3.12193
1486,3.12193
1487,3.12193
1488,3.32193
1489,3.12193
1490,3.12193
1491,3.32193
1492,3.32193
1493,3.12193
1494,3.12193
1495,3.12193
1496,3.12193
1497,3.12193
1498,3.12193
1499,3.32193
1500,3.12193
1501,3.32193
1502,3.12193
1503,3.12193
1504,3.32193
1505,3.12193
1506,2.92193
1507,3.12193
1508,3.32193
1509,3.32193
1510,2.92193
1511,3.12193
1512,3.32193
1513,3.12193
1514,3.12193
1515,3.32193
1516,3.32193
1517,2.92193
1518,3.32193
1519,3.12193
1520,3.32193
1521,3.12193
1522,2.84644
1523,2.92193
1524,2.92193
1525,3.12193
1526,3.12193
1527,2.84644
1528,3.32193
1529,3.12193
1530,3.32193
1531,3.12193
1532,3.12193
1533,3.32193
1534,3.32193
1535,3.12193
1536,3.32193
1537,3.12193
1538,2.92193
1539,3.32193
1540,2.64644
1541,2.64644
1542,3.12193
1543,3.12193
1544,3.32193
1545,2.52193
1546,3.12193
1547,3.32193
1548,2.84644
1549,2.92193
1550,3.12193
1551,3.32193
1552,3.12193
1553,3.12193
1554,3.32193
1555,2.92193
1556,3.12193
1557,3.12193
1558,3.32193
1559,3.12193
1560,3.32193
1561,3.12193
1562,3.32193
1563,2.64644
1564,3.32193
1565,3.32193
1566,3.32193
1567,3.12193
1568,3.12193
1569,3.12193
1570,3.12193
1571,3.12193
1572,3.32193
1573,2.92193
1574,2.92193
1575,3.32193
1576,3.32193
1577,3.12193
1578,3.32193
1579,3.12193
1580,2.92193
1581,3.12193
1582,3.32193
1583,2.92193
1584,3.32193
1585,3.32193
1586,3.12193
1587,3.32193
1588,3.12193
1589,2.92193
1590,3.32193
1591,3.32193
1592,3.32193
1593,3.12193
1594,3.32193
1595,3.12193
1596,3.32193
1597,3.12193
1598,3.12193
1599,3.32193
1600,2.92193
1601,3.32193
1602,3.12193
1603,3.32193
1604,3.32193
1605,3.12193
1606,3.12193
1607,3.12193
1608,3.32193
1609,3.32193
1610,3.32193
1611,3.12193
1612,3.12193
1613,2.64644
1614,3.32193
1615,2.44644
1616,2.64644
1617,3.12193
1618,2.84644
1619,3.32193
1620,3.32193
1621,3.32193
1622,3.32193
1623,3.12193
1624,3.12193
1625,3.32193
1626,3.32193
1627,2.84644
1628,3.32193
1629,3.32193
1630,3.32193
1631,3.32193
1632,3.32193
1633,2.92193
1634,3.12193
1635,3.12193
1636,3.12193
1637,3.32193
1638,3.32193
1639,3.12193
1640,3.12193
1641,3.32193
1642,3.12193
1643,3.12193
1644,3.12193
1645,3.32193
1646,3.32193
1647,2.92193
1648,3.12193
1649,3.12193
1650,2.84644
1651,2.84644
1652,3.12193
1653,3.32193
1654,3.12193
1655,3.32193
1656,3.12193
1657,3.12193
1658,2.84644
1659,3.12193
1660,3.12193
1661,2.92193
1662,2.92193
1663,3.12193
1664,3.12193
1665,3.32193
1666,3.32193
1667,3.32193
1668,3.32193
1669,3.12193
1670,2.84644
1671,3.12193
1672,2.92193
1673,2.72193
1674,2.84644
1675,3.32193
1676,3.12193
1677,3.32193
1678,3.12193
1679,3.32193
1680,3.12193
1681,3.32193
1682,3.32193
1683,3.32193
1684,2.92193
1685,3.12193
1686,3.32193
1687,3.32193
1688,3.32193
1689,3.32193
1690,3.32193
1691,3.32193
1692,3.12193
1693,2.84644
1694,3.12193
1695,3.32193
1696,2.92193
1697,3.32193
1698,3.12193
1699,3.12193
1700,3.32193
1701,2.84644
1702,3.32193
1703,3.12193
1704,3.32193
1705,3.12193
1706,3.32193
1707,3.32193
1708,3.12193
1709,3.12193
1710,2.92193
1711,2.92193
1712,3.12193
1713,3.12193
1714,2.92193
1715,3.12193
1716,3.32193
1717,3.32193
1718,3.32193
1719,3.32193
1720,3.32193
1721,3.12193
1722,3.32193
1723,2.64644
1724,3.32193
1725,3.32193
1726,3.32193
1727,3.12193
1728,3.12193
1729,3.32193
1730,3.12193
1731,3.32193
1732,3.32193
1733,3.12193
1734,3.12193
1735,3.12193
1736,3.32193
1737,3.32193
1738,3.32193
1739,3.32193
1740,3.32193
1741,3.12193
1742,3.12193
1743,3.32193
1744,3.12193
1745,3.32193
1746,2.92193
1747,3.32193
1748,3.32193
1749,3.12193
1750,3.12193
1751,2.92193
1752,3.32193
1753,3.12193
1754,2.92193
1755,2.92193
1756,3.12193
1757,3.12193
1758,2.84644
1759,3.12193
1760,3.12193
1761,3.12193
1762,3.12193
1763,3.12193
1764,3.32193
1765,3.12193
1766,3.32193
1767,2.92193
1768,3.12193
1769,2.92193
1770,3.32193
1771,3.32193
1772,3.32193
1773,3.32193
1774,3.32193
1775,3.12193
1776,3.12193
1777,2.64644
1778,2.32193
1779,3.12193
1780,3.32193
1781,3.12193
1782,3.12193
1783,2.32193
1784,3.12193
1785,2.92193
1786,2.84644
1787,3.32193
1788,3.32193
1789,3.12193
1790,3.12193
1791,3.12193
1792,3.12193
1793,3.32193
1794,3.32193
1795,3.12193
1796,3.12193
1797,3.12193
1798,2.92193
1799,3.12193
1800,3.32193
1801,3.32193
1802,3.32193
1803,3.12193
1804,2.84644
1805,3.12193
1806,3.12193
1807,3.32193
1808,3.12193
1809,2.92193
1810,3.32193
1811,3.32193
1812,3.12193
1813,3.12193
1814,3.32193
1815,3.32193
1816,3.12193
1817,3.32193
1818,3.32193
1819,2.64644
1820,3.12193
1821,3.12193
1822,3.12193
1823,3.32193
1824,3.32193
1825,3.32193
1826,3.32193
1827,3.32193
1828,2.92193
1829,3.12193
1830,3.12193
1831,3.32193
1832,3.32193
1833,3.32193
1834,3.12193
1835,3.32193
1836,3.32193
1837,2.84644
1838,3.32193
1839,2.92193
1840,3.32193
1841,3.12193
1842,3.32193
1843,2.84644
1844,3.32193
1845,3.12193
1846,3.12193
1847,3.32193
1848,2.64644
1849,3.32193
1850,3.12193
1851,2.92193
1852,3.32193
1853,3.32193
1854,3.32193
1855,3.32193
1856,3.32193
1857,3.12193
1858,3.12193
1859,3.32193
1860,3.12193
1861,3.32193
1862,3.12193
1863,3.32193
1864,3.12193
1865,3.32193
1866,2.92193
1867,3.12193
1868,3.32193
1869,3.12193
1870,3.32193
1871,3.12193
1872,2.92193
1873,2.84644
1874,2.84644
1875,3.32193
1876,3.12193
1877,3.12193
1878,3.12193
1879,3.32193
1880,3.12193
1881,3.32193
1882,3.32193
1883,3.12193
1884,3.12193
1885,3.32193
1886,3.32193
1887,3.12193
1888,2.64644
1889,2.64644
1890,3.32193
1891,3.32193
1892,3.12193
1893,3.12193
1894,2.92193
1895,3.12193
1896,3.12193
1897,2.92193
1898,3.12193
1899,3.12193
1900,3.12193
1901,2.84644
1902,3.32193
1903,3.32193
1904,3.32193
1905,3.32193
1906,3.12193
1907,3.32193
1908,3.32193
1909,2.84644
1910,3.32193
1911,3.32193
1912,2.72193
1913,3.12193
1914,3.12193
1915,2.84644
1916,3.12193
1917,3.12193
1918,2.64644
1919,3.32193
1920,3.32193
1921,2.84644
1922,3.12193
1923,3.32193
1924,3.32193
1925,3.12193
1926,3.32193
1927,3.32193
1928,3.12193
1929,3.12193
1930,2.52193
1931,3.12193
1932,3.32193
1933,3.32193
1934,2.84644
1935,3.32193
1936,3.32193
1937,3.12193
1938,3.12193
1939,3.32193
1940,3.32193
1941,3.12193
1942,3.12193
1943,3.32193
1944,3.12193
1945,3.32193
1946,3.12193
1947,2.92193
1948,3.32193
1949,3.32193
1950,3.32193
1951,2.92193
1952,3.12193
1953,2.84644
1954,2.92193
1955,3.12193
1956,2.92193
1957,3.32193
1958,3.32193
1959,2.64644
1960,3.32193
1961,3.32193
1962,3.12193
1963,3.12193
1964,2.92193
1965,3.32193
1966,3.12193
1967,3.12193
1968,3.32193
1969,3.12193
1970,2.84644
1971,3.12193
1972,3.32193
1973,3.12193
1974,3.32193
1975,2.64644
1976,3.32193
1977,3.32193
1978,3.32193
1979,3.32193
1980,3.32193
1981,2.92193
1982,3.12193
1983,3.32193
1984,3.12193
1985,3.32193
1986,3.32193
1987,3.32193
1988,3.12193
1989,3.12193
1990,3.32193
1991,3.32193
1992,2.84644
1993,3.32193
1994,3.12193
1995,3.32193
1996,3.32193
1997,3.32193
1998,3.12193
1999,3.12193
