0,3.32193
1,2.84644
2,3.12193
3,3.12193
4,3.32193
5,3.12193
6,2.52193
7,3.32193
8,3.32193
9,2.64644
10,2.92193
11,2.92193
12,3.12193
13,3.32193
14,3.12193
15,3.32193
16,2.64644
17,3.12193
18,3.12193
19,3.12193
20,3.32193
21,3.32193
22,3.32193
23,2.92193
24,3.32193
25,3.12193
26,3.12193
27,3.12193
28,3.32193
29,3.32193
30,2.84644
31,3.12193
32,2.92193
33,3.12193
34,3.32193
35,2.72193
36,2.92193
37,3.12193
38,2.92193
39,3.12193
40,3.32193
41,3.32193
42,3.32193
43,3.32193
44,3.32193
45,3.12193
46,3.12193
47,3.12193
48,3.12193
49,3.32193
50,3.12193
51,3.32193
52,3.32193
53,3.12193
54,3.32193
55,2.92193
56,3.32193
57,3.12193
58,3.12193
59,3.12193
60,3.12193
61,3.12193
62,2.44644
63,3.32193
64,3.12193
65,3.12193
66,3.12193
67,3.32193
68,3.12193
69,3.12193
70,3.32193
71,2.84644
72,3.32193
73,2.84644
74,2.92193
75,3.12193
76,3.32193
77,2.92193
78,3.12193
79,3.12193
80,2.92193
81,3.32193
82,3.32193
83,2.92193
84,2.64644
85,2.92193
86,3.12193
87,2.72193
88,3.32193
89,2.84644
90,3.32193
91,3.32193
92,3.32193
93,3.12193
94,3.12193
95,2.84644
96,2.84644
97,3.32193
98,3.32193
99,2.84644
100,2.92193
101,3.32193
102,3.32193
103,3.32193
104,3.32193
105,3.32193
106,3.12193
107,3.32193
108,2.92193
109,3.12193
110,3.12193
111,3.12193
112,3.12193
113,3.12193
114,2.92193
115,3.32193
116,3.32193
117,2.64644
118,3.32193
119,3.12193
120,3.32193
121,3.32193
122,3.12193
123,2.84644
124,2.92193
125,2.92193
126,3.12193
127,3.32193
128,3.32193
129,3.32193
130,3.32193
131,3.12193
132,3.12193
133,2.92193
134,3.12193
135,3.32193
136,3.12193
137,3.32193
138,3.32193
139,2.92193
140,3.32193
141,2.92193
142,3.12193
143,3.12193
144,3.32193
145,3.12193
146,3.12193
147,2.72193
148,2.32193
149,2.92193
150,3.32193
151,2.92193
152,3.32193
153,3.32193
154,3.12193
155,3.12193
156,3.12193
157,2.84644
158,3.12193
159,3.12193
160,3.32193
161,3.32193
162,3.12193
163,3.32193
164,3.12193
165,3.12193
166,3.12193
167,2.92193
168,3.12193
169,3.32193
170,2.16096
171,2.92193
172,3.32193
173,3.32193
174,3.32193
175,3.12193
176,3.32193
177,3.32193
178,3.32193
179,2.84644
180,3.32193
181,3.32193
182,3.12193
183,3.12193
184,3.12193
185,2.72193
186,3.32193
187,2.92193
188,2.92193
189,3.12193
190,3.12193
191,3.32193
192,3.32193
193,3.32193
194,3.32193
195,3.32193
196,2.92193
197,3.32193
198,3.12193
199,3.32193
200,3.12193
201,2.52193
202,3.12193
203,2.92193
204,3.12193
205,3.12193
206,3.12193
207,2.92193
208,3.12193
209,3.12193
210,2.52193
211,3.12193
212,3.32193
213,3.32193
214,2.84644
215,3.32193
216,3.12193
217,3.32193
218,3.32193
219,3.32193
220,3.32193
221,3.32193
222,3.12193
223,3.32193
224,3.12193
225,3.12193
226,3.12193
227,3.32193
228,3.12193
229,3.32193
230,3.12193
231,3.32193
232,3.32193
233,3.32193
234,3.12193
235,3.12193
236,2.44644
237,3.12193
238,3.12193
239,3.12193
240,3.32193
241,3.12193
242,3.32193
243,2.92193
244,3.12193
245,2.84644
246,3.12193
247,2.64644
248,2.84644
249,3.32193
250,2.52193
251,3.32193
252,3.32193
253,2.84644
254,2.84644
255,3.32193
256,3.32193
257,2.84644
258,3.12193
259,3.12193
260,3.12193
261,3.32193
262,3.32193
263,3.32193
264,3.32193
265,3.32193
266,3.32193
267,3.32193
268,3.32193
269,3.32193
270,3.32193
271,3.32193
272,3.32193
273,3.12193
274,3.12193
275,2.84644
276,3.12193
277,2.92193
278,3.12193
279,3.12193
280,3.32193
281,2.84644
282,2.84644
283,3.32193
284,3.12193
285,3.32193
286,2.92193
287,2.84644
288,3.12193
289,3.32193
290,3.12193
291,3.12193
292,3.32193
293,3.12193
294,3.32193
295,3.32193
296,3.32193
297,3.32193
298,3.32193
299,3.32193
300,3.12193
301,3.32193
302,3.12193
303,3.12193
304,3.12193
305,3.12193
306,3.32193
307,3.12193
308,3.32193
309,3.12193
310,3.32193
311,3.12193
312,2.92193
313,2.92193
314,2.92193
315,3.12193
316,2.84644
317,3.32193
318,3.32193
319,2.92193
320,2.92193
321,3.32193
322,2.92193
323,3.12193
324,2.32193
325,3.12193
326,3.32193
327,3.32193
328,3.32193
329,3.32193
330,3.32193
331,2.84644
332,2.64644
333,3.32193
334,3.32193
335,2.64644
336,3.12193
337,3.12193
338,3.32193
339,3.12193
340,3.32193
341,3.32193
342,3.32193
343,3.32193
344,3.32193
345,2.64644
346,2.92193
347,3.32193
348,3.32193
349,3.12193
350,3.32193
351,3.32193
352,3.32193
353,3.32193
354,3.32193
355,3.32193
356,3.12193
357,3.32193
358,2.92193
359,2.64644
360,2.92193
361,3.12193
362,3.32193
363,3.12193
364,3.12193
365,3.32193
366,3.32193
367,3.12193
368,3.12193
369,3.12193
370,3.32193
371,2.92193
372,3.32193
373,3.12193
374,2.92193
375,3.32193
376,3.12193
377,3.12193
378,2.64644
379,3.12193
380,2.84644
381,2.64644
382,3.12193
383,3.12193
384,3.12193
385,3.32193
386,2.84644
387,3.12193
388,3.32193
389,3.12193
390,3.12193
391,3.12193
392,3.32193
393,3.32193
394,3.32193
395,3.12193
396,3.32193
397,3.12193
398,2.92193
399,3.12193
400,2.84644
401,3.32193
402,3.12193
403,3.32193
404,3.12193
405,3.12193
406,3.12193
407,3.12193
408,3.32193
409,3.32193
410,3.32193
411,3.12193
412,3.32193
413,3.12193
414,3.32193
415,3.32193
416,3.12193
417,3.32193
418,3.32193
419,3.32193
420,3.32193
421,3.32193
422,3.12193
423,2.92193
424,3.32193
425,3.32193
426,3.12193
427,3.32193
428,3.32193
429,3.32193
430,2.92193
431,3.12193
432,3.12193
433,3.12193
434,3.12193
435,3.12193
436,3.32193
437,3.32193
438,3.32193
439,2.84644
440,2.72193
441,3.12193
442,3.12193
443,2.84644
444,3.32193
445,2.92193
446,2.52193
447,3.12193
448,3.32193
449,3.12193
450,3.12193
451,2.84644
452,3.12193
453,3.32193
454,3.32193
455,3.12193
456,3.12193
457,3.32193
458,3.12193
459,3.12193
460,3.32193
461,3.32193
462,2.92193
463,3.32193
464,3.32193
465,2.84644
466,3.12193
467,3.32193
468,2.52193
469,3.32193
470,3.32193
471,2.92193
472,3.32193
473,3.12193
474,2.92193
475,3.32193
476,3.32193
477,3.32193
478,3.32193
479,3.12193
480,3.12193
481,3.32193
482,3.12193
483,3.32193
484,3.12193
485,3.32193
486,3.12193
487,2.92193
488,3.12193
489,3.12193
490,3.32193
491,3.12193
492,3.12193
493,3.12193
494,3.32193
495,3.12193
496,3.12193
497,2.64644
498,3.12193
499,3.12193
500,3.12193
501,3.12193
502,3.32193
503,3.32193
504,3.32193
505,3.12193
506,3.32193
507,3.32193
508,3.32193
509,2.92193
510,3.32193
511,3.32193
512,3.32193
513,3.32193
514,2.92193
515,3.32193
516,3.32193
517,3.32193
518,3.32193
519,3.12193
520,2.84644
521,2.92193
522,3.12193
523,3.12193
524,3.12193
525,2.92193
526,3.12193
527,3.12193
528,3.32193
529,3.32193
530,3.12193
531,3.12193
532,3.32193
533,2.52193
534,3.12193
535,3.32193
536,3.12193
537,3.12193
538,3.32193
539,3.32193
540,3.32193
541,3.32193
542,3.32193
543,3.12193
544,2.92193
545,3.12193
546,3.12193
547,3.32193
548,3.12193
549,3.32193
550,3.32193
551,3.32193
552,3.32193
553,3.32193
554,3.32193
555,3.12193
556,3.12193
557,3.32193
558,3.32193
559,3.12193
560,3.32193
561,3.12193
562,3.32193
563,3.12193
564,3.32193
565,3.32193
566,3.12193
567,3.12193
568,3.32193
569,3.12193
570,2.92193
571,3.32193
572,3.12193
573,3.12193
574,3.12193
575,3.32193
576,3.12193
577,3.32193
578,3.32193
579,2.84644
580,3.12193
581,3.12193
582,3.32193
583,3.12193
584,3.12193
585,3.32193
586,3.32193
587,3.12193
588,2.92193
589,2.92193
590,3.32193
591,3.32193
592,3.32193
593,3.32193
594,2.92193
595,3.32193
596,3.12193
597,3.32193
598,3.12193
599,3.32193
600,3.12193
601,3.12193
602,3.32193
603,2.92193
604,3.32193
605,3.32193
606,3.12193
607,2.64644
608,2.72193
609,3.32193
610,3.32193
611,2.92193
612,3.12193
613,3.12193
614,3.12193
615,3.12193
616,3.12193
617,3.32193
618,3.12193
619,3.32193
620,3.32193
621,3.12193
622,3.32193
623,3.32193
624,3.32193
625,3.32193
626,3.12193
627,2.37095
628,3.32193
629,2.52193
630,3.12193
631,3.32193
632,3.32193
633,3.32193
634,3.12193
635,3.32193
636,3.12193
637,3.12193
638,3.12193
639,3.32193
640,3.12193
641,3.32193
642,3.32193
643,3.32193
644,3.12193
645,3.12193
646,3.12193
647,3.32193
648,3.12193
649,3.12193
650,3.12193
651,3.12193
652,3.12193
653,3.32193
654,2.92193
655,3.32193
656,2.84644
657,3.32193
658,3.32193
659,3.12193
660,2.92193
661,3.32193
662,3.32193
663,3.32193
664,3.12193
665,3.12193
666,3.32193
667,3.12193
668,3.32193
669,3.12193
670,3.12193
671,3.32193
672,3.32193
673,3.32193
674,2.84644
675,2.64644
676,3.32193
677,3.32193
678,3.32193
679,2.84644
680,2.92193
681,3.32193
682,2.92193
683,3.12193
684,3.12193
685,3.32193
686,3.12193
687,3.32193
688,3.32193
689,2.92193
690,3.12193
691,3.12193
692,3.32193
693,3.32193
694,3.12193
695,3.12193
696,2.92193
697,2.92193
698,3.32193
699,3.32193
700,3.32193
701,3.32193
702,3.32193
703,3.32193
704,3.32193
705,3.12193
706,2.84644
707,2.64644
708,2.92193
709,3.12193
710,2.84644
711,3.32193
712,3.32193
713,3.32193
714,3.12193
715,3.12193
716,3.32193
717,3.32193
718,3.32193
719,3.32193
720,2.84644
721,3.32193
722,3.12193
723,3.32193
724,3.32193
725,3.32193
726,3.32193
727,3.32193
728,3.12193
729,3.12193
730,3.32193
731,3.32193
732,3.12193
733,3.32193
734,3.12193
735,3.12193
736,3.12193
737,3.32193
738,3.12193
739,2.64644
740,3.12193
741,3.32193
742,2.84644
743,2.84644
744,2.92193
745,2.84644
746,3.12193
747,3.32193
748,3.32193
749,2.84644
750,3.32193
751,3.32193
752,3.32193
753,3.32193
754,3.12193
755,3.32193
756,3.32193
757,3.32193
758,3.32193
759,2.84644
760,3.32193
761,3.32193
762,3.32193
763,3.12193
764,2.52193
765,2.84644
766,3.32193
767,3.32193
768,3.12193
769,2.92193
770,3.32193
771,3.32193
772,3.12193
773,3.12193
774,3.32193
775,3.32193
776,3.12193
777,3.12193
778,2.92193
779,3.12193
780,3.32193
781,3.12193
782,3.32193
783,3.12193
784,3.12193
785,3.32193
786,3.32193
787,3.12193
788,2.92193
789,3.12193
790,3.32193
791,3.32193
792,3.12193
793,3.12193
794,3.12193
795,3.12193
796,3.12193
797,3.12193
798,3.32193
799,3.32193
800,3.12193
801,3.12193
802,3.32193
803,3.32193
804,3.32193
805,3.32193
806,3.32193
807,3.12193
808,2.84644
809,2.84644
810,3.32193
811,2.16096
812,2.92193
813,3.32193
814,3.32193
815,2.84644
816,2.84644
817,3.12193
818,2.72193
819,2.64644
820,3.32193
821,3.32193
822,3.32193
823,2.92193
824,3.12193
825,3.12193
826,2.92193
827,3.12193
828,3.32193
829,3.12193
830,3.32193
831,3.12193
832,3.32193
833,3.32193
834,3.12193
835,3.32193
836,3.12193
837,3.32193
838,3.12193
839,3.12193
840,3.12193
841,2.84644
842,3.32193
843,3.12193
844,3.12193
845,3.32193
846,3.32193
847,3.32193
848,3.32193
849,3.32193
850,3.32193
851,3.32193
852,2.84644
853,2.84644
854,3.12193
855,3.12193
856,3.32193
857,3.12193
858,3.12193
859,3.32193
860,2.16096
861,3.32193
862,3.12193
863,3.32193
864,3.12193
865,3.12193
866,3.12193
867,3.12193
868,3.12193
869,3.12193
870,3.32193
871,3.12193
872,3.12193
873,3.12193
874,3.32193
875,2.84644
876,3.12193
877,3.12193
878,3.32193
879,3.32193
880,3.32193
881,3.32193
882,3.32193
883,3.32193
884,2.84644
885,3.32193
886,3.12193
887,3.12193
888,3.12193
889,3.12193
890,2.92193
891,3.12193
892,3.32193
893,3.32193
894,3.32193
895,3.12193
896,3.32193
897,3.32193
898,3.32193
899,3.12193
900,3.32193
901,3.12193
902,3.32193
903,3.12193
904,3.32193
905,3.32193
906,3.32193
907,3.32193
908,3.32193
909,3.32193
910,2.92193
911,2.92193
912,3.12193
913,3.32193
914,3.32193
915,3.12193
916,3.32193
917,3.32193
918,2.84644
919,2.92193
920,2.92193
921,3.32193
922,3.32193
923,3.12193
924,3.32193
925,3.12193
926,3.32193
927,3.12193
928,3.12193
929,3.12193
930,3.32193
931,3.32193
932,3.32193
933,3.12193
934,3.12193
935,3.32193
936,3.32193
937,3.12193
938,3.32193
939,2.92193
940,3.12193
941,3.12193
942,3.12193
943,2.84644
944,2.64644
945,2.92193
946,3.12193
947,3.32193
948,3.32193
949,3.12193
950,3.12193
951,3.12193
952,3.32193
953,3.32193
954,3.32193
955,3.12193
956,3.12193
957,2.84644
958,2.92193
959,3.12193
960,3.32193
961,3.32193
962,3.12193
963,2.64644
964,3.12193
965,3.12193
966,3.32193
967,2.92193
968,2.92193
969,3.32193
970,2.92193
971,3.12193
972,2.92193
973,2.52193
974,3.12193
975,3.32193
976,2.52193
977,3.12193
978,3.32193
979,3.32193
980,3.32193
981,3.32193
982,2.92193
983,3.12193
984,3.12193
985,3.32193
986,3.32193
987,3.12193
988,2.84644
989,3.32193
990,2.84644
991,3.32193
992,3.32193
993,3.32193
994,2.84644
995,3.32193
996,3.12193
997,3.12193
998,3.32193
999,3.32193
1000,3.32193
1001,3.12193
1002,3.32193
1003,3.32193
1004,3.12193
1005,3.32193
1006,3.32193
1007,3.12193
1008,2.84644
1009,3.32193
1010,2.72193
1011,3.32193
1012,3.32193
1013,3.12193
1014,3.32193
1015,3.32193
1016,3.12193
1017,3.12193
1018,3.12193
1019,3.32193
1020,3.12193
1021,3.12193
1022,3.12193
1023,2.92193
1024,3.32193
1025,3.12193
1026,3.32193
1027,3.12193
1028,3.12193
1029,3.32193
1030,3.32193
1031,3.12193
1032,3.32193
1033,3.32193
1034,3.12193
1035,3.32193
1036,3.32193
1037,3.12193
1038,2.92193
1039,2.92193
1040,3.32193
1041,3.32193
1042,3.12193
1043,3.32193
1044,3.12193
1045,3.32193
1046,3.32193
1047,3.12193
1048,3.32193
1049,3.12193
1050,2.52193
1051,3.12193
1052,3.12193
1053,3.32193
1054,3.12193
1055,2.92193
1056,3.12193
1057,2.84644
1058,3.32193
1059,3.32193
1060,3.12193
1061,3.32193
1062,2.92193
1063,2.92193
1064,3.12193
1065,3.32193
1066,3.12193
1067,3.32193
1068,2.84644
1069,3.12193
1070,3.32193
1071,3.32193
1072,3.12193
1073,3.32193
1074,2.64644
1075,3.32193
1076,3.32193
1077,3.32193
1078,3.32193
1079,3.12193
1080,2.92193
1081,3.32193
1082,3.12193
1083,3.12193
1084,2.92193
1085,2.92193
1086,3.12193
1087,2.32193
1088,3.12193
1089,3.12193
1090,3.12193
1091,2.84644
1092,3.12193
1093,3.12193
1094,3.12193
1095,3.32193
1096,3.12193
1097,3.32193
1098,2.64644
1099,3.12193
1100,3.32193
1101,3.32193
1102,3.12193
1103,3.12193
1104,2.84644
1105,2.92193
1106,3.12193
1107,2.37095
1108,3.32193
1109,3.32193
1110,3.12193
1111,3.32193
1112,3.32193
1113,3.32193
1114,3.32193
1115,3.12193
1116,3.32193
1117,3.32193
1118,3.12193
1119,3.12193
1120,3.32193
1121,3.12193
1122,3.32193
1123,3.32193
1124,3.32193
1125,3.12193
1126,2.84644
1127,3.32193
1128,2.92193
1129,2.72193
1130,2.84644
1131,3.12193
1132,3.32193
1133,3.12193
1134,3.32193
1135,2.84644
1136,3.32193
1137,3.32193
1138,3.12193
1139,2.92193
1140,3.12193
1141,2.64644
1142,2.84644
1143,3.12193
1144,3.32193
1145,3.32193
1146,3.32193
1147,2.64644
1148,2.92193
1149,3.32193
1150,2.92193
1151,2.64644
1152,3.12193
1153,2.92193
1154,3.12193
1155,2.52193
1156,2.84644
1157,3.32193
1158,3.12193
1159,3.12193
1160,2.84644
1161,3.12193
1162,2.52193
1163,3.32193
1164,3.32193
1165,3.32193
1166,2.84644
1167,2.92193
1168,3.12193
1169,3.12193
1170,3.32193
1171,3.32193
1172,3.12193
1173,3.32193
1174,3.32193
1175,2.92193
1176,2.84644
1177,3.12193
1178,3.32193
1179,3.32193
1180,2.92193
1181,3.12193
1182,3.32193
1183,3.12193
1184,3.32193
1185,3.32193
1186,3.12193
1187,2.64644
1188,3.12193
1189,3.32193
1190,3.32193
1191,3.32193
1192,3.12193
1193,3.12193
1194,2.84644
1195,2.84644
1196,3.32193
1197,3.32193
1198,3.32193
1199,3.32193
1200,2.92193
1201,2.84644
1202,3.12193
1203,3.32193
1204,3.32193
1205,3.32193
1206,3.12193
1207,3.32193
1208,3.12193
1209,3.12193
1210,3.32193
1211,3.32193
1212,2.92193
1213,2.92193
1214,3.32193
1215,2.84644
1216,2.92193
1217,3.12193
1218,3.32193
1219,3.32193
1220,3.12193
1221,3.32193
1222,3.12193
1223,3.32193
1224,3.12193
1225,3.32193
1226,3.32193
1227,3.32193
1228,3.12193
1229,2.52193
1230,3.32193
1231,3.12193
1232,3.12193
1233,3.12193
1234,3.32193
1235,3.32193
1236,3.12193
1237,3.32193
1238,3.12193
1239,2.92193
1240,3.32193
1241,3.12193
1242,3.12193
1243,3.32193
1244,2.92193
1245,3.12193
1246,2.84644
1247,2.64644
1248,2.92193
1249,2.84644
1250,3.12193
1251,3.32193
1252,2.92193
1253,2.84644
1254,2.64644
1255,3.12193
1256,3.12193
1257,3.32193
1258,3.32193
1259,3.12193
1260,3.12193
1261,3.12193
1262,3.32193
1263,3.32193
1264,3.32193
1265,3.12193
1266,2.92193
1267,3.32193
1268,2.84644
1269,3.12193
1270,3.32193
1271,2.84644
1272,2.92193
1273,3.12193
1274,3.32193
1275,3.12193
1276,3.32193
1277,2.84644
1278,3.12193
1279,2.64644
1280,2.84644
1281,2.84644
1282,2.92193
1283,3.12193
1284,3.32193
1285,3.32193
1286,3.32193
1287,3.32193
1288,3.32193
1289,3.12193
1290,2.92193
1291,3.12193
1292,3.12193
1293,2.64644
1294,2.92193
1295,3.12193
1296,2.84644
1297,3.12193
1298,3.12193
1299,3.12193
1300,3.32193
1301,3.32193
1302,3.32193
1303,2.64644
1304,3.12193
1305,3.12193
1306,3.32193
1307,3.12193
1308,3.12193
1309,2.84644
1310,2.92193
1311,2.84644
1312,2.84644
1313,3.32193
1314,2.84644
1315,2.92193
1316,3.32193
1317,3.32193
1318,3.12193
1319,3.12193
1320,3.12193
1321,3.12193
1322,2.64644
1323,2.84644
1324,2.52193
1325,2.92193
1326,2.84644
1327,2.92193
1328,2.72193
1329,3.32193
1330,3.32193
1331,3.12193
1332,2.84644
1333,2.84644
1334,3.12193
1335,3.32193
1336,3.32193
1337,2.92193
1338,3.12193
1339,2.84644
1340,3.32193
1341,2.52193
1342,3.12193
1343,2.92193
1344,3.32193
1345,3.12193
1346,3.12193
1347,3.32193
1348,3.32193
1349,3.12193
1350,3.12193
1351,3.32193
1352,2.84644
1353,3.32193
1354,3.12193
1355,3.12193
1356,3.12193
1357,3.12193
1358,3.12193
1359,3.12193
1360,3.12193
1361,3.32193
1362,3.32193
1363,3.32193
1364,3.32193
1365,3.12193
1366,3.12193
1367,3.12193
1368,3.32193
1369,3.32193
1370,3.32193
1371,3.32193
1372,3.12193
1373,2.92193
1374,3.32193
1375,3.32193
1376,2.92193
1377,2.84644
1378,3.32193
1379,3.12193
1380,3.12193
1381,3.32193
1382,3.12193
1383,2.72193
1384,3.32193
1385,3.12193
1386,3.32193
1387,3.12193
1388,3.12193
1389,2.52193
1390,3.12193
1391,3.12193
1392,3.32193
1393,3.32193
1394,3.32193
1395,2.84644
1396,3.32193
1397,3.32193
1398,3.12193
1399,3.12193
1400,3.12193
1401,3.32193
1402,3.12193
1403,3.32193
1404,3.32193
1405,2.84644
1406,2.92193
1407,3.12193
1408,3.32193
1409,3.12193
1410,3.12193
1411,3.12193
1412,3.32193
1413,2.84644
1414,3.12193
1415,3.32193
1416,2.92193
1417,3.12193
1418,2.64644
1419,3.12193
1420,3.12193
1421,3.32193
1422,2.92193
1423,3.12193
1424,3.32193
1425,3.32193
1426,3.32193
1427,3.12193
1428,2.92193
1429,3.32193
1430,3.32193
1431,3.32193
1432,3.12193
1433,3.32193
1434,3.32193
1435,2.92193
1436,3.12193
1437,3.32193
1438,3.32193
1439,3.32193
1440,3.12193
1441,3.32193
1442,3.32193
1443,3.32193
1444,2.92193
1445,2.52193
1446,2.92193
1447,3.32193
1448,3.12193
1449,3.32193
1450,3.32193
1451,2.16096
1452,2.92193
1453,3.12193
1454,3.12193
1455,3.32193
1456,3.32193
1457,3.12193
1458,3.32193
1459,2.92193
1460,2.84644
1461,3.32193
1462,3.32193
1463,3.12193
1464,3.32193
1465,3.32193
1466,3.32193
1467,3.32193
1468,2.92193
1469,3.32193
1470,3.32193
1471,3.32193
1472,3.32193
1473,3.12193
1474,3.12193
1475,3.32193
1476,3.32193
1477,3.12193
1478,3.32193
1479,2.84644
1480,3.32193
1481,3.32193
1482,2.92193
1483,3.12193
1484,3.32193
1485,3.32193
1486,3.32193
1487,2.92193
1488,2.84644
1489,2.84644
1490,3.12193
1491,3.32193
1492,3.32193
1493,2.84644
1494,2.92193
1495,3.32193
1496,3.32193
1497,3.12193
1498,3.32193
1499,3.12193
1500,3.12193
1501,3.32193
1502,2.72193
1503,3.32193
1504,3.32193
1505,3.32193
1506,2.92193
1507,2.92193
1508,3.32193
1509,3.32193
1510,3.32193
1511,3.12193
1512,3.32193
1513,3.12193
1514,3.12193
1515,3.12193
1516,3.12193
1517,3.12193
1518,3.32193
1519,3.12193
1520,2.64644
1521,3.32193
1522,3.32193
1523,3.12193
1524,2.92193
1525,3.12193
1526,3.12193
1527,3.32193
1528,3.32193
1529,3.32193
1530,3.32193
1531,3.12193
1532,3.12193
1533,3.12193
1534,3.12193
1535,3.12193
1536,3.12193
1537,2.92193
1538,3.32193
1539,3.32193
1540,3.12193
1541,2.84644
1542,3.12193
1543,3.12193
1544,2.92193
1545,3.32193
1546,2.84644
1547,3.32193
1548,3.32193
1549,3.32193
1550,3.12193
1551,3.32193
1552,3.32193
1553,2.84644
1554,3.32193
1555,3.12193
1556,3.12193
1557,2.84644
1558,3.12193
1559,3.32193
1560,3.12193
1561,3.32193
1562,3.32193
1563,3.32193
1564,3.32193
1565,2.84644
1566,3.32193
1567,2.84644
1568,2.92193
1569,3.12193
1570,3.32193
1571,2.92193
1572,3.32193
1573,2.72193
1574,3.12193
1575,3.12193
1576,3.12193
1577,3.12193
1578,3.32193
1579,2.84644
1580,3.12193
1581,3.32193
1582,2.52193
1583,2.92193
1584,3.12193
1585,3.12193
1586,3.12193
1587,3.32193
1588,3.12193
1589,3.12193
1590,3.12193
1591,3.32193
1592,2.84644
1593,3.32193
1594,2.84644
1595,3.12193
1596,3.12193
1597,2.92193
1598,2.92193
1599,3.32193
1600,2.84644
1601,3.12193
1602,3.12193
1603,3.12193
1604,3.12193
1605,3.32193
1606,2.84644
1607,3.12193
1608,3.32193
1609,3.32193
1610,3.32193
1611,3.12193
1612,3.12193
1613,3.32193
1614,3.12193
1615,3.12193
1616,3.12193
1617,3.12193
1618,3.32193
1619,2.32193
1620,2.92193
1621,2.64644
1622,3.12193
1623,3.12193
1624,3.32193
1625,3.12193
1626,2.92193
1627,2.92193
1628,3.12193
1629,2.72193
1630,3.32193
1631,2.84644
1632,3.12193
1633,3.32193
1634,3.32193
1635,2.92193
1636,2.84644
1637,3.32193
1638,3.32193
1639,3.12193
1640,3.12193
1641,3.32193
1642,3.32193
1643,2.92193
1644,2.92193
1645,2.84644
1646,3.32193
1647,3.32193
1648,3.32193
1649,3.32193
1650,3.32193
1651,3.12193
1652,2.92193
1653,3.32193
1654,2.92193
1655,3.12193
1656,3.12193
1657,3.12193
1658,3.12193
1659,3.12193
1660,3.32193
1661,3.32193
1662,3.12193
1663,3.12193
1664,3.12193
1665,3.32193
1666,3.12193
1667,3.32193
1668,3.32193
1669,3.32193
1670,3.12193
1671,3.32193
1672,2.84644
1673,3.32193
1674,3.32193
1675,2.92193
1676,3.12193
1677,3.32193
1678,3.32193
1679,3.32193
1680,3.32193
1681,3.12193
1682,3.12193
1683,3.12193
1684,2.92193
1685,2.84644
1686,3.12193
1687,3.12193
1688,3.32193
1689,3.12193
1690,2.92193
1691,3.32193
1692,3.12193
1693,3.12193
1694,3.32193
1695,3.12193
1696,2.84644
1697,3.12193
1698,3.32193
1699,2.52193
1700,2.84644
1701,3.12193
1702,3.32193
1703,2.92193
1704,2.84644
1705,3.12193
1706,3.32193
1707,3.12193
1708,3.32193
1709,3.12193
1710,2.92193
1711,3.32193
1712,3.32193
1713,3.32193
1714,3.12193
1715,3.32193
1716,3.12193
1717,3.12193
1718,3.12193
1719,3.32193
1720,3.12193
1721,2.84644
1722,3.32193
1723,3.12193
1724,2.92193
1725,2.92193
1726,2.92193
1727,3.32193
1728,3.32193
1729,3.32193
1730,3.12193
1731,3.32193
1732,3.12193
1733,3.32193
1734,3.32193
1735,3.12193
1736,3.32193
1737,3.12193
1738,3.12193
1739,3.12193
1740,3.12193
1741,2.84644
1742,3.12193
1743,2.84644
1744,3.12193
1745,3.32193
1746,3.12193
1747,3.12193
1748,3.32193
1749,3.12193
1750,3.32193
1751,3.12193
1752,3.12193
1753,3.12193
1754,3.12193
1755,3.12193
1756,3.32193
1757,3.12193
1758,3.32193
1759,3.12193
1760,3.32193
1761,3.32193
1762,3.12193
1763,3.32193
1764,3.32193
1765,3.32193
1766,3.12193
1767,3.32193
1768,3.32193
1769,3.12193
1770,3.12193
1771,3.32193
1772,3.12193
1773,3.32193
1774,3.32193
1775,3.12193
1776,3.32193
1777,2.72193
1778,3.32193
1779,3.12193
1780,3.12193
1781,2.92193
1782,3.12193
1783,3.32193
1784,3.32193
1785,3.12193
1786,3.32193
1787,3.12193
1788,3.12193
1789,3.32193
1790,3.32193
1791,3.32193
1792,3.12193
1793,3.32193
1794,3.12193
1795,3.32193
1796,3.32193
1797,2.72193
1798,3.32193
1799,3.12193
1800,3.12193
1801,2.64644
1802,2.92193
1803,2.84644
1804,3.12193
1805,3.32193
1806,3.12193
1807,2.84644
1808,3.12193
1809,3.12193
1810,3.12193
1811,3.12193
1812,3.12193
1813,3.12193
1814,3.32193
1815,3.32193
1816,3.12193
1817,3.12193
1818,2.52193
1819,3.12193
1820,3.32193
1821,3.32193
1822,3.12193
1823,3.12193
1824,3.12193
1825,3.12193
1826,2.84644
1827,3.32193
1828,3.12193
1829,3.12193
1830,3.12193
1831,2.92193
1832,3.12193
1833,3.12193
1834,3.12193
1835,3.12193
1836,3.32193
1837,3.32193
1838,3.12193
1839,3.12193
1840,3.32193
1841,3.32193
1842,3.32193
1843,2.84644
1844,2.64644
1845,3.32193
1846,2.84644
1847,3.32193
1848,3.32193
1849,3.32193
1850,3.12193
1851,3.32193
1852,3.12193
1853,3.32193
1854,3.32193
1855,3.32193
1856,3.12193
1857,3.32193
1858,3.32193
1859,2.84644
1860,3.32193
1861,3.32193
1862,3.32193
1863,2.92193
1864,3.12193
1865,3.12193
1866,3.12193
1867,3.32193
1868,3.32193
1869,3.32193
1870,3.32193
1871,3.32193
1872,3.12193
1873,2.92193
1874,2.84644
1875,2.92193
1876,3.12193
1877,2.92193
1878,3.12193
1879,3.12193
1880,3.12193
1881,2.84644
1882,3.12193
1883,3.12193
1884,2.84644
1885,3.12193
1886,2.84644
1887,2.92193
1888,3.12193
1889,3.12193
1890,2.64644
1891,3.12193
1892,3.12193
1893,3.32193
1894,3.12193
1895,3.32193
1896,3.32193
1897,3.12193
1898,3.12193
1899,2.92193
1900,3.12193
1901,2.84644
1902,3.32193
1903,3.12193
1904,3.32193
1905,2.52193
1906,3.32193
1907,2.92193
1908,3.32193
1909,2.92193
1910,3.32193
1911,3.32193
1912,3.32193
1913,2.84644
1914,3.32193
1915,3.32193
1916,3.12193
1917,2.52193
1918,3.12193
1919,3.32193
1920,3.12193
1921,3.12193
1922,3.32193
1923,3.12193
1924,3.12193
1925,3.32193
1926,3.32193
1927,3.32193
1928,3.32193
1929,3.12193
1930,3.12193
1931,2.92193
1932,2.72193
1933,2.84644
1934,3.12193
1935,2.92193
1936,2.92193
1937,2.92193
1938,2.84644
1939,3.12193
1940,2.52193
1941,3.12193
1942,2.92193
1943,3.32193
1944,2.92193
1945,2.92193
1946,3.12193
1947,3.32193
1948,3.32193
1949,2.92193
1950,3.32193
1951,3.12193
1952,3.12193
1953,3.32193
1954,2.64644
1955,3.12193
1956,3.12193
1957,3.32193
1958,3.32193
1959,3.32193
1960,3.12193
1961,2.92193
1962,3.12193
1963,3.12193
1964,3.12193
1965,3.32193
1966,2.92193
1967,3.32193
1968,3.12193
1969,3.12193
1970,3.12193
1971,3.32193
1972,3.32193
1973,3.32193
1974,3.32193
1975,3.32193
1976,3.32193
1977,3.32193
1978,3.32193
1979,3.32193
1980,3.12193
1981,3.12193
1982,3.12193
1983,3.32193
1984,2.84644
1985,3.12193
1986,3.12193
1987,3.32193
1988,3.12193
1989,3.12193
1990,2.84644
1991,3.12193
1992,2.84644
1993,3.32193
1994,3.32193
1995,3.12193
1996,3.32193
1997,3.32193
1998,3.12193
1999,3.12193
