0,3.32193
1,3.32193
2,3.32193
3,3.12193
4,3.32193
5,3.32193
6,3.32193
7,3.12193
8,3.32193
9,3.32193
10,3.12193
11,3.32193
12,3.12193
13,3.32193
14,3.12193
15,2.84644
16,3.32193
17,3.32193
18,3.32193
19,3.12193
20,3.32193
21,3.32193
22,3.32193
23,3.32193
24,3.32193
25,3.12193
26,3.32193
27,2.92193
28,3.32193
29,3.12193
30,3.12193
31,3.12193
32,3.12193
33,3.12193
34,3.12193
35,2.92193
36,3.12193
37,2.92193
38,3.12193
39,3.32193
40,3.32193
41,3.12193
42,2.64644
43,3.12193
44,3.32193
45,3.32193
46,3.32193
47,2.92193
48,3.32193
49,3.32193
50,2.16096
51,3.32193
52,3.32193
53,3.32193
54,2.92193
55,3.12193
56,3.12193
57,2.72193
58,3.32193
59,3.32193
60,3.32193
61,3.12193
62,2.92193
63,2.84644
64,2.92193
65,3.32193
66,3.32193
67,2.92193
68,3.12193
69,3.12193
70,3.12193
71,3.32193
72,3.12193
73,3.32193
74,3.32193
75,3.12193
76,3.12193
77,3.12193
78,3.12193
79,3.32193
80,3.12193
81,3.32193
82,3.32193
83,3.12193
84,3.12193
85,3.32193
86,2.84644
87,3.12193
88,2.92193
89,2.92193
90,3.12193
91,3.12193
92,3.32193
93,3.12193
94,2.84644
95,3.12193
96,3.32193
97,3.12193
98,3.12193
99,3.12193
100,3.32193
101,3.12193
102,3.32193
103,3.12193
104,3.32193
105,3.12193
106,3.32193
107,3.32193
108,3.32193
109,3.12193
110,3.12193
111,3.12193
112,3.32193
113,3.32193
114,3.32193
115,3.12193
116,3.12193
117,3.12193
118,3.12193
119,3.32193
120,3.32193
121,3.12193
122,3.12193
123,3.32193
124,3.32193
125,3.12193
126,3.32193
127,3.12193
128,3.32193
129,3.32193
130,3.32193
131,2.92193
132,3.12193
133,3.32193
134,3.32193
135,2.92193
136,3.12193
137,3.12193
138,3.12193
139,3.32193
140,3.12193
141,3.32193
142,3.12193
143,3.12193
144,2.92193
145,3.12193
146,3.12193
147,3.12193
148,2.84644
149,2.84644
150,3.12193
151,2.84644
152,2.52193
153,3.12193
154,3.32193
155,3.12193
156,2.84644
157,3.12193
158,3.12193
159,3.12193
160,3.32193
161,3.32193
162,3.12193
163,3.12193
164,3.32193
165,3.32193
166,3.12193
167,2.92193
168,2.92193
169,3.32193
170,3.32193
171,3.32193
172,2.92193
173,2.92193
174,3.32193
175,3.12193
176,3.32193
177,2.92193
178,3.32193
179,3.32193
180,3.32193
181,2.92193
182,3.32193
183,3.32193
184,2.52193
185,3.12193
186,2.92193
187,3.12193
188,3.32193
189,3.32193
190,3.12193
191,3.32193
192,2.92193
193,3.32193
194,3.32193
195,2.92193
196,3.32193
197,3.12193
198,3.12193
199,3.32193
200,3.12193
201,2.92193
202,3.12193
203,3.12193
204,3.12193
205,3.12193
206,3.32193
207,3.32193
208,3.32193
209,3.12193
210,3.12193
211,3.12193
212,3.12193
213,3.12193
214,2.92193
215,2.92193
216,3.12193
217,3.12193
218,3.32193
219,3.32193
220,2.84644
221,2.64644
222,3.12193
223,3.32193
224,3.32193
225,3.32193
226,2.84644
227,2.92193
228,3.12193
229,3.32193
230,3.12193
231,3.12193
232,3.12193
233,3.12193
234,3.12193
235,3.12193
236,2.84644
237,3.32193
238,3.12193
239,2.72193
240,2.84644
241,3.32193
242,3.12193
243,3.12193
244,3.32193
245,2.64644
246,3.12193
247,3.32193
248,3.12193
249,3.12193
250,3.12193
251,3.12193
252,2.64644
253,2.92193
254,3.12193
255,2.92193
256,3.12193
257,3.12193
258,3.32193
259,3.32193
260,3.12193
261,3.12193
262,2.92193
263,2.84644
264,3.32193
265,3.12193
266,3.32193
267,3.12193
268,3.12193
269,3.12193
270,3.32193
271,3.12193
272,3.32193
273,3.32193
274,3.12193
275,2.64644
276,3.12193
277,3.32193
278,3.12193
279,3.12193
280,3.32193
281,2.92193
282,2.92193
283,3.32193
284,2.92193
285,3.12193
286,3.12193
287,3.32193
288,3.12193
289,2.64644
290,3.32193
291,2.84644
292,3.32193
293,3.32193
294,2.84644
295,3.32193
296,3.32193
297,2.84644
298,3.32193
299,3.32193
300,2.92193
301,3.12193
302,3.12193
303,3.32193
304,3.32193
305,3.12193
306,3.12193
307,2.64644
308,3.12193
309,3.12193
310,3.32193
311,3.32193
312,3.32193
313,3.32193
314,3.12193
315,3.32193
316,3.12193
317,3.12193
318,3.32193
319,3.12193
320,3.12193
321,2.92193
322,2.92193
323,3.12193
324,3.32193
325,3.12193
326,3.12193
327,3.32193
328,2.84644
329,3.32193
330,3.32193
331,2.64644
332,3.32193
333,3.12193
334,3.32193
335,3.12193
336,2.92193
337,3.32193
338,3.12193
339,3.12193
340,3.12193
341,3.32193
342,3.12193
343,2.92193
344,2.84644
345,3.12193
346,3.32193
347,3.32193
348,3.32193
349,3.32193
350,3.32193
351,3.12193
352,3.32193
353,3.12193
354,3.12193
355,3.32193
356,3.32193
357,2.92193
358,3.32193
359,3.32193
360,3.12193
361,3.12193
362,3.12193
363,3.32193
364,3.32193
365,3.32193
366,3.12193
367,2.92193
368,3.32193
369,3.12193
370,3.12193
371,2.92193
372,2.92193
373,3.12193
374,2.16096
375,3.12193
376,3.12193
377,3.12193
378,3.32193
379,3.32193
380,3.12193
381,3.32193
382,3.12193
383,3.12193
384,2.92193
385,3.12193
386,3.32193
387,3.12193
388,2.52193
389,2.92193
390,2.92193
391,3.32193
392,3.32193
393,3.32193
394,3.12193
395,2.92193
396,3.32193
397,3.32193
398,3.32193
399,3.12193
400,3.12193
401,2.84644
402,3.12193
403,3.12193
404,3.32193
405,3.12193
406,3.12193
407,2.84644
408,3.12193
409,3.12193
410,3.12193
411,3.32193
412,3.32193
413,3.12193
414,3.12193
415,3.32193
416,2.92193
417,3.12193
418,3.12193
419,3.32193
420,3.32193
421,3.12193
422,3.12193
423,2.92193
424,3.32193
425,3.32193
426,3.12193
427,2.92193
428,3.32193
429,3.32193
430,2.84644
431,2.92193
432,3.12193
433,3.12193
434,3.32193
435,3.32193
436,3.12193
437,3.12193
438,3.32193
439,2.84644
440,2.84644
441,3.32193
442,2.92193
443,2.84644
444,2.52193
445,2.72193
446,2.84644
447,3.32193
448,3.32193
449,3.12193
450,3.32193
451,3.12193
452,3.32193
453,2.92193
454,3.12193
455,3.32193
456,3.32193
457,3.32193
458,3.12193
459,2.72193
460,2.64644
461,3.12193
462,3.32193
463,3.32193
464,3.12193
465,3.32193
466,3.12193
467,2.92193
468,3.32193
469,3.32193
470,3.32193
471,3.32193
472,2.64644
473,3.12193
474,2.72193
475,3.12193
476,3.12193
477,2.44644
478,3.12193
479,3.12193
480,3.12193
481,3.12193
482,2.52193
483,2.52193
484,3.12193
485,3.12193
486,3.32193
487,3.12193
488,2.92193
489,3.12193
490,3.32193
491,3.12193
492,3.12193
493,3.32193
494,3.32193
495,3.32193
496,2.92193
497,2.92193
498,3.12193
499,2.84644
500,2.52193
501,3.12193
502,3.12193
503,2.92193
504,3.12193
505,3.12193
506,3.12193
507,3.32193
508,3.12193
509,3.32193
510,2.84644
511,3.32193
512,3.12193
513,3.12193
514,3.32193
515,3.12193
516,3.12193
517,2.84644
518,3.12193
519,2.92193
520,3.12193
521,3.32193
522,3.12193
523,3.12193
524,2.92193
525,3.32193
526,2.84644
527,3.12193
528,3.32193
529,3.12193
530,3.32193
531,3.12193
532,2.84644
533,3.12193
534,3.32193
535,3.32193
536,3.32193
537,3.32193
538,2.84644
539,3.12193
540,2.84644
541,3.12193
542,3.12193
543,2.92193
544,3.32193
545,3.32193
546,3.32193
547,3.32193
548,3.32193
549,3.32193
550,3.12193
551,3.12193
552,3.32193
553,2.92193
554,3.12193
555,3.32193
556,3.12193
557,3.12193
558,3.12193
559,3.12193
560,2.92193
561,3.32193
562,3.32193
563,2.84644
564,2.84644
565,2.92193
566,3.32193
567,3.32193
568,3.32193
569,3.32193
570,2.92193
571,3.12193
572,3.12193
573,3.12193
574,2.52193
575,2.84644
576,2.92193
577,2.84644
578,3.32193
579,3.12193
580,3.32193
581,3.12193
582,3.12193
583,3.12193
584,3.12193
585,2.52193
586,2.64644
587,3.12193
588,2.84644
589,3.12193
590,3.12193
591,2.64644
592,3.32193
593,3.12193
594,3.32193
595,3.12193
596,3.12193
597,3.12193
598,2.92193
599,2.84644
600,2.92193
601,3.12193
602,2.92193
603,3.32193
604,3.32193
605,3.32193
606,3.12193
607,3.32193
608,3.12193
609,3.12193
610,3.32193
611,3.12193
612,3.12193
613,2.92193
614,2.92193
615,3.32193
616,3.12193
617,3.12193
618,2.52193
619,2.16096
620,3.32193
621,3.12193
622,2.84644
623,3.32193
624,3.32193
625,3.12193
626,3.32193
627,3.32193
628,2.92193
629,3.32193
630,3.32193
631,3.12193
632,2.92193
633,3.12193
634,3.12193
635,3.12193
636,3.32193
637,3.12193
638,2.92193
639,3.12193
640,3.32193
641,3.12193
642,3.32193
643,3.32193
644,2.84644
645,3.32193
646,3.32193
647,3.32193
648,3.32193
649,3.32193
650,3.12193
651,3.12193
652,3.32193
653,3.32193
654,3.12193
655,3.12193
656,3.12193
657,3.32193
658,2.64644
659,2.92193
660,3.12193
661,3.32193
662,3.32193
663,3.12193
664,3.12193
665,3.12193
666,3.12193
667,3.12193
668,3.32193
669,3.32193
670,3.32193
671,3.32193
672,3.12193
673,3.32193
674,2.92193
675,3.32193
676,3.12193
677,3.32193
678,3.32193
679,3.32193
680,3.12193
681,3.12193
682,3.12193
683,2.84644
684,3.12193
685,3.12193
686,3.12193
687,3.32193
688,3.32193
689,3.12193
690,3.32193
691,3.32193
692,3.12193
693,3.12193
694,3.32193
695,3.32193
696,3.12193
697,3.32193
698,3.12193
699,2.84644
700,2.52193
701,3.12193
702,3.32193
703,3.32193
704,2.92193
705,3.32193
706,3.12193
707,3.12193
708,3.32193
709,3.32193
710,2.84644
711,3.12193
712,3.32193
713,3.32193
714,3.12193
715,3.32193
716,3.12193
717,3.12193
718,3.32193
719,2.92193
720,3.12193
721,2.92193
722,3.32193
723,2.84644
724,3.32193
725,3.12193
726,3.12193
727,3.32193
728,2.92193
729,3.12193
730,3.32193
731,2.92193
732,3.12193
733,3.32193
734,3.12193
735,3.32193
736,3.32193
737,3.12193
738,3.32193
739,3.32193
740,3.12193
741,2.84644
742,2.84644
743,3.12193
744,3.32193
745,3.12193
746,2.92193
747,3.12193
748,3.32193
749,3.32193
750,2.92193
751,3.32193
752,2.64644
753,3.32193
754,3.32193
755,3.32193
756,3.32193
757,3.12193
758,2.92193
759,3.32193
760,3.32193
761,3.12193
762,3.12193
763,3.32193
764,3.12193
765,3.12193
766,3.32193
767,3.12193
768,3.32193
769,3.12193
770,3.32193
771,3.32193
772,3.12193
773,3.12193
774,3.32193
775,3.12193
776,3.32193
777,3.32193
778,3.32193
779,3.12193
780,3.32193
781,3.12193
782,3.12193
783,2.64644
784,3.32193
785,3.12193
786,3.32193
787,2.92193
788,2.64644
789,3.32193
790,3.32193
791,3.12193
792,3.32193
793,3.32193
794,3.32193
795,3.32193
796,3.32193
797,2.92193
798,2.92193
799,2.64644
800,3.12193
801,3.12193
802,2.92193
803,2.32193
804,3.32193
805,3.32193
806,2.84644
807,3.12193
808,3.32193
809,3.32193
810,3.12193
811,2.92193
812,3.12193
813,2.84644
814,3.12193
815,3.12193
816,3.12193
817,3.32193
818,3.12193
819,3.32193
820,3.12193
821,3.32193
822,3.12193
823,3.32193
824,2.92193
825,3.32193
826,3.12193
827,3.12193
828,3.12193
829,3.32193
830,3.32193
831,2.84644
832,3.12193
833,3.32193
834,3.32193
835,3.32193
836,3.12193
837,3.32193
838,3.32193
839,3.12193
840,3.12193
841,3.12193
842,2.84644
843,2.84644
844,3.12193
845,3.32193
846,3.12193
847,3.32193
848,3.12193
849,2.92193
850,3.32193
851,2.92193
852,2.37095
853,2.64644
854,3.32193
855,3.12193
856,3.32193
857,2.92193
858,3.12193
859,3.32193
860,3.32193
861,2.92193
862,3.32193
863,2.52193
864,2.92193
865,3.12193
866,3.32193
867,3.12193
868,3.32193
869,2.92193
870,3.12193
871,3.32193
872,3.12193
873,3.12193
874,3.32193
875,2.92193
876,3.12193
877,2.84644
878,2.92193
879,2.84644
880,2.92193
881,3.32193
882,2.92193
883,3.32193
884,3.32193
885,3.32193
886,2.92193
887,3.12193
888,3.32193
889,3.32193
890,3.32193
891,3.32193
892,3.32193
893,3.12193
894,2.84644
895,3.12193
896,3.12193
897,2.84644
898,3.32193
899,3.32193
900,3.12193
901,2.92193
902,3.32193
903,3.12193
904,3.32193
905,3.12193
906,3.32193
907,3.32193
908,3.32193
909,3.32193
910,3.32193
911,3.32193
912,2.84644
913,3.12193
914,3.12193
915,3.12193
916,3.12193
917,3.32193
918,3.32193
919,3.12193
920,3.12193
921,3.12193
922,2.72193
923,3.32193
924,3.32193
925,3.32193
926,3.32193
927,2.84644
928,3.32193
929,2.84644
930,3.32193
931,3.32193
932,3.12193
933,3.32193
934,3.12193
935,3.32193
936,2.92193
937,3.12193
938,3.32193
939,3.12193
940,3.12193
941,3.32193
942,2.84644
943,2.52193
944,3.32193
945,3.12193
946,2.92193
947,3.32193
948,3.32193
949,3.32193
950,3.32193
951,2.84644
952,3.12193
953,3.32193
954,3.32193
955,3.12193
956,3.12193
957,3.32193
958,2.52193
959,2.92193
960,3.12193
961,3.32193
962,3.32193
963,3.12193
964,2.84644
965,2.92193
966,3.12193
967,3.32193
968,3.12193
969,2.84644
970,3.12193
971,3.32193
972,3.32193
973,3.32193
974,2.92193
975,3.32193
976,3.12193
977,3.12193
978,3.32193
979,3.32193
980,3.32193
981,3.12193
982,3.32193
983,3.12193
984,3.32193
985,3.32193
986,3.12193
987,3.12193
988,3.32193
989,3.32193
990,3.32193
991,3.32193
992,3.32193
993,3.12193
994,3.12193
995,3.12193
996,3.32193
997,3.32193
998,3.32193
999,3.12193
1000,3.12193
1001,3.32193
1002,3.12193
1003,3.32193
1004,3.32193
1005,3.32193
1006,3.32193
1007,3.32193
1008,3.12193
1009,3.32193
1010,3.32193
1011,3.32193
1012,3.32193
1013,3.32193
1014,3.32193
1015,2.92193
1016,3.32193
1017,3.12193
1018,3.32193
1019,3.32193
1020,3.32193
1021,3.12193
1022,3.32193
1023,3.32193
1024,3.12193
1025,3.12193
1026,3.12193
1027,3.32193
1028,2.84644
1029,3.12193
1030,3.12193
1031,3.12193
1032,3.32193
1033,3.12193
1034,3.12193
1035,3.12193
1036,3.12193
1037,3.32193
1038,3.32193
1039,3.32193
1040,3.32193
1041,2.84644
1042,3.12193
1043,3.32193
1044,3.32193
1045,2.92193
1046,3.32193
1047,3.32193
1048,3.32193
1049,3.32193
1050,3.32193
1051,3.32193
1052,3.12193
1053,2.92193
1054,3.32193
1055,2.04644
1056,2.72193
1057,3.12193
1058,3.32193
1059,3.12193
1060,3.32193
1061,3.12193
1062,3.32193
1063,3.32193
1064,3.12193
1065,3.12193
1066,3.32193
1067,3.32193
1068,3.12193
1069,3.12193
1070,3.32193
1071,3.32193
1072,3.12193
1073,3.12193
1074,3.32193
1075,3.32193
1076,3.32193
1077,3.12193
1078,3.12193
1079,3.12193
1080,3.12193
1081,3.32193
1082,2.52193
1083,3.12193
1084,3.12193
1085,3.32193
1086,3.32193
1087,3.12193
1088,3.12193
1089,2.92193
1090,3.12193
1091,3.12193
1092,3.12193
1093,3.32193
1094,2.92193
1095,2.92193
1096,2.84644
1097,3.32193
1098,3.32193
1099,3.32193
1100,3.32193
1101,2.84644
1102,3.12193
1103,3.32193
1104,3.32193
1105,3.12193
1106,3.32193
1107,3.32193
1108,3.32193
1109,3.12193
1110,3.32193
1111,3.32193
1112,2.24644
1113,3.32193
1114,3.32193
1115,3.12193
1116,3.32193
1117,3.32193
1118,3.32193
1119,3.12193
1120,3.12193
1121,3.32193
1122,3.12193
1123,3.12193
1124,2.92193
1125,3.12193
1126,3.12193
1127,3.32193
1128,2.92193
1129,2.44644
1130,3.12193
1131,3.32193
1132,3.32193
1133,3.32193
1134,3.12193
1135,3.12193
1136,3.12193
1137,3.12193
1138,3.32193
1139,3.12193
1140,2.04644
1141,2.92193
1142,3.12193
1143,3.12193
1144,2.92193
1145,3.12193
1146,2.92193
1147,3.12193
1148,3.12193
1149,2.92193
1150,3.32193
1151,3.32193
1152,3.12193
1153,3.12193
1154,2.84644
1155,3.12193
1156,3.32193
1157,3.32193
1158,3.12193
1159,3.32193
1160,3.32193
1161,3.12193
1162,3.12193
1163,3.32193
1164,2.64644
1165,3.12193
1166,3.12193
1167,2.84644
1168,2.92193
1169,3.12193
1170,3.32193
1171,2.84644
1172,3.32193
1173,2.84644
1174,3.12193
1175,2.92193
1176,3.32193
1177,3.32193
1178,3.32193
1179,2.84644
1180,3.12193
1181,3.32193
1182,2.84644
1183,2.64644
1184,3.32193
1185,2.92193
1186,3.12193
1187,3.12193
1188,3.12193
1189,2.92193
1190,2.84644
1191,3.12193
1192,3.32193
1193,3.12193
1194,3.32193
1195,3.12193
1196,3.32193
1197,3.12193
1198,3.12193
1199,3.12193
1200,3.12193
1201,3.32193
1202,3.32193
1203,3.32193
1204,3.32193
1205,3.12193
1206,2.92193
1207,3.32193
1208,3.12193
1209,3.12193
1210,3.32193
1211,3.12193
1212,3.12193
1213,3.12193
1214,2.92193
1215,3.32193
1216,3.12193
1217,3.32193
1218,3.32193
1219,2.84644
1220,3.12193
1221,3.12193
1222,2.64644
1223,2.84644
1224,3.32193
1225,3.32193
1226,3.12193
1227,3.32193
1228,3.32193
1229,3.12193
1230,3.12193
1231,3.12193
1232,3.12193
1233,3.32193
1234,3.32193
1235,3.32193
1236,3.12193
1237,3.12193
1238,3.32193
1239,3.12193
1240,3.32193
1241,3.12193
1242,2.92193
1243,3.12193
1244,3.32193
1245,2.92193
1246,2.64644
1247,3.32193
1248,3.12193
1249,2.64644
1250,3.12193
1251,2.92193
1252,3.32193
1253,3.32193
1254,3.32193
1255,2.92193
1256,3.12193
1257,3.12193
1258,2.92193
1259,3.32193
1260,3.32193
1261,3.32193
1262,3.32193
1263,3.32193
1264,2.92193
1265,3.32193
1266,3.12193
1267,3.12193
1268,2.92193
1269,3.12193
1270,3.32193
1271,3.12193
1272,3.12193
1273,2.92193
1274,2.92193
1275,3.12193
1276,3.12193
1277,3.12193
1278,3.32193
1279,3.32193
1280,2.92193
1281,3.32193
1282,3.32193
1283,3.32193
1284,2.84644
1285,3.12193
1286,3.32193
1287,3.12193
1288,3.12193
1289,3.32193
1290,2.52193
1291,3.32193
1292,3.12193
1293,3.12193
1294,3.12193
1295,3.12193
1296,3.32193
1297,3.12193
1298,3.32193
1299,2.52193
1300,2.92193
1301,2.92193
1302,2.92193
1303,3.32193
1304,3.12193
1305,2.92193
1306,3.12193
1307,3.12193
1308,3.32193
1309,3.12193
1310,3.12193
1311,3.12193
1312,2.92193
1313,3.12193
1314,3.12193
1315,3.32193
1316,3.12193
1317,3.32193
1318,3.12193
1319,2.92193
1320,3.12193
1321,2.92193
1322,3.32193
1323,3.32193
1324,3.32193
1325,3.12193
1326,2.92193
1327,3.32193
1328,3.12193
1329,3.12193
1330,3.12193
1331,2.92193
1332,3.32193
1333,3.12193
1334,3.12193
1335,3.32193
1336,3.12193
1337,3.32193
1338,3.12193
1339,3.12193
1340,2.92193
1341,3.12193
1342,3.32193
1343,3.32193
1344,3.32193
1345,3.12193
1346,3.12193
1347,3.32193
1348,3.12193
1349,2.92193
1350,3.32193
1351,3.32193
1352,3.32193
1353,3.32193
1354,3.32193
1355,2.64644
1356,2.92193
1357,3.12193
1358,3.32193
1359,3.12193
1360,3.12193
1361,3.32193
1362,3.32193
1363,3.32193
1364,3.12193
1365,3.32193
1366,3.32193
1367,3.32193
1368,3.32193
1369,3.12193
1370,3.12193
1371,3.12193
1372,3.12193
1373,3.12193
1374,2.92193
1375,3.12193
1376,3.32193
1377,3.32193
1378,3.32193
1379,3.32193
1380,3.12193
1381,3.12193
1382,3.32193
1383,3.32193
1384,3.12193
1385,3.12193
1386,2.64644
1387,3.12193
1388,3.32193
1389,3.12193
1390,3.12193
1391,3.32193
1392,3.12193
1393,3.12193
1394,3.32193
1395,3.32193
1396,3.12193
1397,3.32193
1398,3.12193
1399,2.64644
1400,3.12193
1401,3.32193
1402,2.84644
1403,2.92193
1404,3.32193
1405,3.32193
1406,2.64644
1407,3.12193
1408,3.12193
1409,3.12193
1410,3.12193
1411,3.12193
1412,2.84644
1413,3.32193
1414,3.32193
1415,3.32193
1416,2.16096
1417,3.12193
1418,3.12193
1419,3.12193
1420,3.12193
1421,3.32193
1422,3.12193
1423,2.64644
1424,3.12193
1425,2.92193
1426,3.32193
1427,3.32193
1428,3.32193
1429,3.32193
1430,2.64644
1431,3.32193
1432,3.32193
1433,2.16096
1434,3.12193
1435,3.12193
1436,2.72193
1437,3.12193
1438,3.32193
1439,2.52193
1440,3.12193
1441,3.32193
1442,3.12193
1443,3.12193
1444,3.12193
1445,3.12193
1446,3.32193
1447,3.12193
1448,3.32193
1449,2.92193
1450,2.84644
1451,2.84644
1452,2.64644
1453,3.32193
1454,3.12193
1455,3.32193
1456,3.12193
1457,3.32193
1458,3.12193
1459,3.12193
1460,3.32193
1461,2.84644
1462,3.32193
1463,2.84644
1464,2.92193
1465,3.12193
1466,2.92193
1467,3.12193
1468,3.32193
1469,3.12193
1470,3.12193
1471,3.12193
1472,3.12193
1473,3.12193
1474,2.84644
1475,3.12193
1476,3.32193
1477,3.32193
1478,3.12193
1479,3.12193
1480,3.32193
1481,3.12193
1482,3.12193
1483,3.12193
1484,3.32193
1485,3.32193
1486,3.32193
1487,3.32193
1488,3.12193
1489,3.32193
1490,3.32193
1491,3.32193
1492,2.92193
1493,3.32193
1494,3.32193
1495,3.32193
1496,3.12193
1497,3.32193
1498,3.32193
1499,3.12193
1500,3.32193
1501,3.32193
1502,3.12193
1503,2.92193
1504,3.12193
1505,3.12193
1506,2.92193
1507,3.32193
1508,3.12193
1509,3.32193
1510,3.32193
1511,3.32193
1512,3.32193
1513,3.32193
1514,3.32193
1515,3.32193
1516,3.32193
1517,3.32193
1518,3.32193
1519,3.32193
1520,2.84644
1521,2.52193
1522,3.32193
1523,3.12193
1524,3.12193
1525,3.12193
1526,3.32193
1527,2.92193
1528,3.12193
1529,3.12193
1530,3.32193
1531,3.32193
1532,2.92193
1533,3.12193
1534,3.12193
1535,3.12193
1536,2.92193
1537,2.64644
1538,2.92193
1539,3.32193
1540,3.12193
1541,2.84644
1542,3.32193
1543,3.12193
1544,3.32193
1545,3.32193
1546,2.92193
1547,3.32193
1548,3.12193
1549,3.32193
1550,3.12193
1551,3.32193
1552,3.12193
1553,3.32193
1554,3.32193
1555,3.32193
1556,3.32193
1557,3.32193
1558,2.92193
1559,3.12193
1560,2.92193
1561,2.64644
1562,3.12193
1563,3.12193
1564,3.12193
1565,3.32193
1566,3.12193
1567,2.92193
1568,3.12193
1569,3.12193
1570,3.32193
1571,3.32193
1572,3.12193
1573,3.12193
1574,3.12193
1575,2.52193
1576,3.12193
1577,2.72193
1578,3.32193
1579,3.12193
1580,3.12193
1581,2.92193
1582,3.12193
1583,3.12193
1584,2.84644
1585,2.64644
1586,2.92193
1587,3.32193
1588,3.32193
1589,2.92193
1590,3.12193
1591,2.32193
1592,3.12193
1593,3.32193
1594,3.12193
1595,3.32193
1596,3.32193
1597,3.32193
1598,3.32193
1599,3.12193
1600,3.32193
1601,3.32193
1602,3.12193
1603,3.32193
1604,3.12193
1605,3.32193
1606,3.32193
1607,3.12193
1608,3.32193
1609,3.32193
1610,2.92193
1611,2.84644
1612,3.12193
1613,3.32193
1614,3.32193
1615,3.12193
1616,2.84644
1617,3.12193
1618,3.12193
1619,3.12193
1620,3.12193
1621,3.32193
1622,3.32193
1623,3.12193
1624,2.92193
1625,3.32193
1626,3.12193
1627,2.84644
1628,2.84644
1629,3.32193
1630,3.12193
1631,3.32193
1632,2.52193
1633,3.32193
1634,3.12193
1635,3.12193
1636,2.84644
1637,2.92193
1638,3.12193
1639,2.92193
1640,3.32193
1641,3.32193
1642,3.12193
1643,3.12193
1644,3.12193
1645,3.32193
1646,2.84644
1647,3.32193
1648,2.84644
1649,3.12193
1650,3.12193
1651,3.32193
1652,3.12193
1653,3.32193
1654,3.32193
1655,3.12193
1656,3.32193
1657,3.12193
1658,2.92193
1659,2.84644
1660,3.32193
1661,2.92193
1662,2.92193
1663,2.84644
1664,3.32193
1665,3.32193
1666,3.12193
1667,3.32193
1668,2.44644
1669,3.12193
1670,2.92193
1671,3.32193
1672,2.16096
1673,2.64644
1674,2.92193
1675,3.32193
1676,3.12193
1677,3.32193
1678,3.32193
1679,3.12193
1680,3.12193
1681,3.32193
1682,3.32193
1683,3.12193
1684,3.12193
1685,3.32193
1686,3.32193
1687,3.32193
1688,3.32193
1689,3.12193
1690,3.32193
1691,3.12193
1692,3.12193
1693,3.12193
1694,3.12193
1695,3.32193
1696,3.12193
1697,3.32193
1698,3.32193
1699,3.32193
1700,2.84644
1701,2.64644
1702,3.12193
1703,3.32193
1704,3.32193
1705,3.12193
1706,3.12193
1707,3.32193
1708,3.12193
1709,3.12193
1710,3.32193
1711,3.32193
1712,3.32193
1713,3.32193
1714,3.12193
1715,3.12193
1716,3.12193
1717,3.12193
1718,3.32193
1719,3.32193
1720,3.12193
1721,2.72193
1722,3.32193
1723,2.52193
1724,2.64644
1725,2.72193
1726,3.32193
1727,2.84644
1728,3.32193
1729,3.32193
1730,3.32193
1731,3.12193
1732,3.32193
1733,3.32193
1734,2.84644
1735,3.32193
1736,3.32193
1737,3.12193
1738,2.92193
1739,3.32193
1740,2.84644
1741,3.12193
1742,3.12193
1743,3.12193
1744,3.32193
1745,3.12193
1746,3.12193
1747,3.12193
1748,3.32193
1749,3.32193
1750,3.32193
1751,2.92193
1752,2.92193
1753,3.32193
1754,2.84644
1755,3.32193
1756,2.92193
1757,3.32193
1758,3.12193
1759,3.32193
1760,3.32193
1761,3.32193
1762,2.92193
1763,3.32193
1764,3.32193
1765,3.32193
1766,3.32193
1767,3.32193
1768,3.12193
1769,3.12193
1770,3.32193
1771,3.32193
1772,3.32193
1773,3.32193
1774,3.12193
1775,3.12193
1776,3.12193
1777,2.92193
1778,3.32193
1779,3.32193
1780,3.32193
1781,3.32193
1782,3.32193
1783,2.84644
1784,3.32193
1785,3.32193
1786,3.12193
1787,3.12193
1788,3.12193
1789,2.44644
1790,3.12193
1791,3.32193
1792,2.72193
1793,3.32193
1794,3.32193
1795,2.92193
1796,3.12193
1797,3.12193
1798,3.12193
1799,3.32193
1800,3.32193
1801,3.32193
1802,3.12193
1803,3.32193
1804,3.32193
1805,2.84644
1806,2.64644
1807,3.32193
1808,2.84644
1809,3.12193
1810,3.12193
1811,3.12193
1812,3.32193
1813,3.32193
1814,3.32193
1815,3.32193
1816,3.12193
1817,3.12193
1818,3.12193
1819,3.12193
1820,3.12193
1821,3.12193
1822,3.32193
1823,3.32193
1824,3.32193
1825,3.32193
1826,3.32193
1827,3.32193
1828,2.84644
1829,2.92193
1830,3.32193
1831,2.84644
1832,2.92193
1833,3.12193
1834,3.32193
1835,3.32193
1836,3.12193
1837,2.92193
1838,3.32193
1839,3.32193
1840,3.12193
1841,3.32193
1842,3.32193
1843,3.32193
1844,3.32193
1845,3.32193
1846,2.92193
1847,3.12193
1848,3.32193
1849,2.92193
1850,3.32193
1851,3.32193
1852,3.32193
1853,3.12193
1854,3.12193
1855,3.32193
1856,3.32193
1857,3.32193
1858,3.12193
1859,2.84644
1860,3.32193
1861,3.32193
1862,3.12193
1863,3.32193
1864,3.32193
1865,3.32193
1866,3.32193
1867,3.32193
1868,2.92193
1869,3.32193
1870,3.32193
1871,3.32193
1872,3.32193
1873,3.32193
1874,2.72193
1875,3.12193
1876,2.84644
1877,3.32193
1878,3.32193
1879,3.12193
1880,3.12193
1881,3.12193
1882,3.12193
1883,3.12193
1884,3.12193
1885,3.12193
1886,3.32193
1887,3.32193
1888,3.12193
1889,3.32193
1890,3.12193
1891,3.32193
1892,3.32193
1893,3.12193
1894,2.92193
1895,3.32193
1896,3.12193
1897,3.12193
1898,3.32193
1899,3.12193
1900,2.84644
1901,3.12193
1902,3.12193
1903,3.12193
1904,3.12193
1905,3.32193
1906,2.92193
1907,3.12193
1908,3.32193
1909,3.12193
1910,3.12193
1911,3.12193
1912,3.32193
1913,3.12193
1914,3.32193
1915,3.12193
1916,3.32193
1917,3.32193
1918,3.12193
1919,3.12193
1920,3.12193
1921,3.32193
1922,3.32193
1923,3.32193
1924,3.32193
1925,3.32193
1926,3.12193
1927,3.12193
1928,3.32193
1929,3.12193
1930,3.32193
1931,2.84644
1932,3.32193
1933,3.12193
1934,2.84644
1935,3.32193
1936,2.92193
1937,2.92193
1938,3.12193
1939,3.32193
1940,3.12193
1941,2.64644
1942,2.92193
1943,2.92193
1944,3.32193
1945,3.32193
1946,3.32193
1947,3.12193
1948,3.32193
1949,2.92193
1950,2.92193
1951,3.32193
1952,2.64644
1953,3.12193
1954,2.84644
1955,3.12193
1956,3.12193
1957,3.32193
1958,2.92193
1959,3.32193
1960,3.12193
1961,2.64644
1962,2.84644
1963,3.32193
1964,3.12193
1965,3.12193
1966,3.12193
1967,2.84644
1968,3.32193
1969,3.12193
1970,3.32193
1971,2.84644
1972,3.12193
1973,3.32193
1974,3.32193
1975,2.84644
1976,3.32193
1977,3.12193
1978,3.32193
1979,3.32193
1980,3.32193
1981,3.32193
1982,3.32193
1983,3.12193
1984,3.12193
1985,3.32193
1986,2.92193
1987,3.32193
1988,3.12193
1989,3.32193
1990,3.12193
1991,3.12193
1992,2.52193
1993,3.32193
1994,3.12193
1995,2.84644
1996,3.32193
1997,3.32193
1998,3.12193
1999,3.32193
