0,3.32193
1,3.12193
2,3.32193
3,3.32193
4,3.12193
5,3.12193
6,3.12193
7,3.32193
8,3.12193
9,3.32193
10,3.32193
11,2.92193
12,3.12193
13,3.32193
14,3.12193
15,3.32193
16,3.12193
17,3.32193
18,3.32193
19,3.12193
20,3.32193
21,3.32193
22,3.32193
23,2.84644
24,2.52193
25,3.12193
26,2.16096
27,2.64644
28,3.32193
29,3.12193
30,3.12193
31,2.72193
32,3.32193
33,3.32193
34,3.32193
35,2.84644
36,3.32193
37,2.64644
38,3.12193
39,3.12193
40,3.32193
41,3.12193
42,3.32193
43,3.12193
44,3.12193
45,3.12193
46,3.12193
47,3.12193
48,3.32193
49,2.92193
50,2.64644
51,3.32193
52,3.32193
53,3.12193
54,3.12193
55,3.32193
56,3.12193
57,2.52193
58,3.12193
59,3.32193
60,3.32193
61,3.32193
62,3.12193
63,3.32193
64,3.12193
65,3.12193
66,3.32193
67,3.12193
68,3.32193
69,3.12193
70,2.92193
71,3.12193
72,3.12193
73,2.92193
74,3.32193
75,3.32193
76,3.12193
77,3.32193
78,3.32193
79,3.32193
80,3.32193
81,3.32193
82,3.12193
83,3.32193
84,3.32193
85,3.32193
86,3.12193
87,3.32193
88,3.12193
89,3.12193
90,3.12193
91,3.12193
92,2.52193
93,3.12193
94,3.12193
95,3.32193
96,3.12193
97,3.32193
98,3.12193
99,3.12193
100,3.12193
101,3.32193
102,3.32193
103,2.64644
104,3.32193
105,3.12193
106,3.12193
107,3.12193
108,2.92193
109,3.32193
110,3.12193
111,3.12193
112,3.12193
113,3.12193
114,3.32193
115,2.92193
116,3.32193
117,3.12193
118,3.32193
119,3.32193
120,3.32193
121,3.32193
122,3.32193
123,3.32193
124,3.32193
125,3.12193
126,3.12193
127,3.32193
128,2.84644
129,3.32193
130,3.32193
131,3.32193
132,3.32193
133,3.12193
134,3.32193
135,3.32193
136,2.84644
137,3.32193
138,2.84644
139,3.12193
140,3.32193
141,3.32193
142,3.12193
143,2.92193
144,3.32193
145,3.12193
146,3.32193
147,3.12193
148,2.92193
149,3.12193
150,3.32193
151,3.32193
152,3.32193
153,3.12193
154,3.32193
155,3.12193
156,2.52193
157,2.92193
158,3.32193
159,3.32193
160,3.32193
161,2.84644
162,3.12193
163,2.92193
164,3.32193
165,3.12193
166,3.12193
167,3.12193
168,2.84644
169,3.12193
170,3.32193
171,3.32193
172,3.12193
173,2.64644
174,3.12193
175,3.32193
176,3.32193
177,3.32193
178,3.32193
179,3.32193
180,3.12193
181,3.32193
182,3.12193
183,3.12193
184,3.32193
185,3.12193
186,2.92193
187,3.32193
188,3.12193
189,3.32193
190,3.32193
191,2.84644
192,3.32193
193,3.32193
194,2.92193
195,3.12193
196,3.12193
197,3.32193
198,3.12193
199,3.12193
200,3.12193
201,3.12193
202,3.12193
203,3.32193
204,3.32193
205,3.32193
206,3.12193
207,3.32193
208,2.92193
209,3.32193
210,2.72193
211,3.32193
212,3.32193
213,3.12193
214,3.32193
215,2.92193
216,3.12193
217,3.32193
218,3.32193
219,3.12193
220,3.12193
221,3.32193
222,3.12193
223,3.12193
224,3.12193
225,3.32193
226,3.12193
227,2.84644
228,3.32193
229,2.92193
230,3.12193
231,3.32193
232,3.12193
233,3.12193
234,3.32193
235,3.12193
236,2.84644
237,3.12193
238,3.32193
239,3.12193
240,3.12193
241,3.32193
242,2.92193
243,2.64644
244,3.32193
245,2.92193
246,2.84644
247,2.92193
248,2.92193
249,3.12193
250,2.92193
251,3.32193
252,3.12193
253,3.32193
254,3.32193
255,3.12193
256,3.12193
257,3.32193
258,3.32193
259,3.12193
260,3.12193
261,3.12193
262,2.84644
263,3.32193
264,3.32193
265,3.32193
266,3.32193
267,3.12193
268,3.32193
269,3.12193
270,3.32193
271,3.32193
272,3.12193
273,3.32193
274,3.12193
275,3.12193
276,3.32193
277,3.32193
278,2.92193
279,2.92193
280,3.32193
281,3.32193
282,3.32193
283,3.12193
284,3.12193
285,3.12193
286,3.12193
287,3.12193
288,3.12193
289,3.32193
290,3.32193
291,3.32193
292,2.84644
293,3.12193
294,2.92193
295,3.12193
296,3.32193
297,3.32193
298,3.32193
299,3.12193
300,3.32193
301,3.32193
302,3.12193
303,3.32193
304,3.12193
305,3.12193
306,3.32193
307,2.92193
308,2.84644
309,3.12193
310,3.32193
311,3.12193
312,3.12193
313,3.12193
314,2.84644
315,2.44644
316,3.12193
317,3.32193
318,3.32193
319,3.12193
320,3.32193
321,2.92193
322,3.12193
323,3.12193
324,3.12193
325,3.12193
326,3.12193
327,3.12193
328,3.32193
329,3.32193
330,3.12193
331,2.44644
332,3.32193
333,3.12193
334,3.12193
335,3.32193
336,3.32193
337,2.84644
338,3.32193
339,3.32193
340,3.12193
341,3.32193
342,3.32193
343,3.12193
344,3.32193
345,3.32193
346,2.84644
347,2.84644
348,3.12193
349,3.12193
350,3.32193
351,3.32193
352,3.32193
353,3.12193
354,3.32193
355,3.32193
356,3.12193
357,3.12193
358,3.12193
359,3.32193
360,3.12193
361,3.32193
362,2.64644
363,2.92193
364,3.12193
365,3.12193
366,3.12193
367,3.32193
368,3.32193
369,3.32193
370,3.12193
371,3.32193
372,3.32193
373,3.32193
374,2.84644
375,2.84644
376,3.32193
377,3.12193
378,3.12193
379,3.32193
380,3.32193
381,3.12193
382,3.32193
383,3.32193
384,3.32193
385,3.12193
386,3.12193
387,2.84644
388,3.12193
389,3.12193
390,3.32193
391,3.12193
392,3.32193
393,3.32193
394,3.32193
395,3.12193
396,2.84644
397,3.32193
398,2.92193
399,3.12193
400,3.32193
401,3.12193
402,3.12193
403,2.92193
404,2.84644
405,3.32193
406,3.12193
407,3.32193
408,3.12193
409,3.12193
410,3.32193
411,3.12193
412,3.32193
413,3.32193
414,3.12193
415,2.72193
416,3.32193
417,3.12193
418,3.32193
419,2.92193
420,3.12193
421,3.32193
422,2.84644
423,3.32193
424,3.32193
425,3.12193
426,3.12193
427,3.12193
428,3.32193
429,3.32193
430,3.12193
431,3.32193
432,3.32193
433,3.32193
434,2.92193
435,3.12193
436,2.64644
437,2.84644
438,3.12193
439,2.64644
440,2.92193
441,3.32193
442,3.12193
443,3.32193
444,3.12193
445,3.12193
446,3.32193
447,3.12193
448,3.12193
449,3.12193
450,3.32193
451,3.12193
452,3.12193
453,3.32193
454,3.12193
455,2.92193
456,3.12193
457,3.32193
458,3.32193
459,3.32193
460,2.92193
461,3.12193
462,3.12193
463,3.32193
464,3.32193
465,2.64644
466,3.12193
467,3.12193
468,3.12193
469,3.12193
470,3.32193
471,2.92193
472,3.32193
473,2.92193
474,3.32193
475,2.92193
476,3.32193
477,3.32193
478,3.32193
479,3.32193
480,3.12193
481,2.64644
482,3.32193
483,3.32193
484,2.92193
485,3.32193
486,3.32193
487,3.12193
488,3.12193
489,2.92193
490,2.84644
491,3.12193
492,3.12193
493,3.32193
494,3.12193
495,3.32193
496,3.12193
497,3.32193
498,3.32193
499,2.92193
500,2.92193
501,3.12193
502,3.32193
503,3.12193
504,3.12193
505,3.32193
506,2.37095
507,2.64644
508,3.32193
509,3.32193
510,3.32193
511,3.32193
512,2.84644
513,3.12193
514,3.32193
515,3.12193
516,2.92193
517,3.12193
518,2.92193
519,3.32193
520,3.12193
521,3.32193
522,2.84644
523,3.32193
524,3.12193
525,3.12193
526,3.12193
527,3.32193
528,3.32193
529,3.12193
530,2.92193
531,2.84644
532,3.12193
533,3.32193
534,3.12193
535,3.12193
536,3.32193
537,3.12193
538,3.32193
539,3.32193
540,3.12193
541,3.32193
542,3.32193
543,3.32193
544,3.12193
545,3.32193
546,3.32193
547,3.12193
548,3.12193
549,3.12193
550,3.32193
551,3.32193
552,2.92193
553,3.12193
554,3.12193
555,3.12193
556,3.32193
557,3.12193
558,2.92193
559,3.12193
560,3.32193
561,3.32193
562,3.32193
563,3.32193
564,2.84644
565,3.12193
566,3.12193
567,3.12193
568,3.12193
569,3.32193
570,3.12193
571,3.32193
572,3.12193
573,3.12193
574,3.32193
575,3.12193
576,2.84644
577,3.12193
578,3.32193
579,3.32193
580,3.32193
581,3.32193
582,3.12193
583,3.32193
584,3.12193
585,2.84644
586,3.32193
587,3.12193
588,3.12193
589,2.52193
590,3.12193
591,3.32193
592,2.92193
593,3.32193
594,2.92193
595,3.32193
596,2.92193
597,2.64644
598,3.32193
599,3.12193
600,3.32193
601,3.12193
602,2.84644
603,3.32193
604,3.32193
605,3.12193
606,3.32193
607,3.32193
608,3.32193
609,3.12193
610,3.32193
611,3.32193
612,3.32193
613,2.84644
614,3.12193
615,3.12193
616,2.84644
617,3.32193
618,2.52193
619,3.12193
620,3.12193
621,3.12193
622,2.92193
623,3.12193
624,3.32193
625,3.12193
626,3.32193
627,3.12193
628,2.84644
629,2.44644
630,2.64644
631,2.64644
632,3.32193
633,3.12193
634,3.32193
635,3.32193
636,3.12193
637,3.12193
638,3.32193
639,2.52193
640,3.12193
641,3.32193
642,3.12193
643,3.32193
644,3.32193
645,3.12193
646,3.12193
647,2.84644
648,3.32193
649,3.12193
650,2.84644
651,2.84644
652,2.64644
653,3.32193
654,3.32193
655,3.32193
656,3.32193
657,3.32193
658,3.12193
659,3.32193
660,3.12193
661,3.12193
662,2.92193
663,2.92193
664,3.32193
665,3.12193
666,3.32193
667,3.12193
668,3.32193
669,2.92193
670,3.12193
671,3.32193
672,3.32193
673,3.12193
674,3.12193
675,3.32193
676,3.12193
677,3.32193
678,3.32193
679,2.32193
680,3.32193
681,2.92193
682,3.12193
683,3.12193
684,3.12193
685,3.12193
686,3.32193
687,3.12193
688,3.32193
689,3.12193
690,3.32193
691,3.12193
692,3.12193
693,3.32193
694,3.12193
695,3.32193
696,2.72193
697,3.12193
698,3.32193
699,3.32193
700,3.32193
701,3.32193
702,3.12193
703,3.32193
704,3.32193
705,3.32193
706,3.32193
707,3.32193
708,3.12193
709,2.64644
710,3.12193
711,2.92193
712,2.84644
713,3.32193
714,3.32193
715,3.32193
716,3.12193
717,3.32193
718,2.92193
719,2.64644
720,2.92193
721,3.12193
722,3.32193
723,3.12193
724,3.12193
725,3.32193
726,2.92193
727,3.32193
728,3.32193
729,3.32193
730,3.12193
731,2.64644
732,3.12193
733,3.12193
734,3.32193
735,3.32193
736,3.12193
737,2.84644
738,3.12193
739,3.32193
740,3.12193
741,2.64644
742,3.32193
743,3.12193
744,3.32193
745,3.12193
746,3.32193
747,3.12193
748,3.32193
749,3.32193
750,3.12193
751,2.92193
752,3.12193
753,3.12193
754,3.12193
755,3.12193
756,3.32193
757,3.12193
758,3.12193
759,3.12193
760,3.32193
761,3.12193
762,3.12193
763,3.32193
764,3.32193
765,3.32193
766,3.12193
767,2.92193
768,3.12193
769,3.12193
770,2.92193
771,3.32193
772,3.12193
773,2.84644
774,3.32193
775,3.32193
776,3.32193
777,3.12193
778,2.92193
779,3.32193
780,3.12193
781,3.32193
782,3.12193
783,3.32193
784,3.32193
785,3.32193
786,3.12193
787,3.32193
788,2.92193
789,2.37095
790,3.32193
791,3.32193
792,2.92193
793,3.12193
794,2.84644
795,2.64644
796,3.32193
797,2.84644
798,3.12193
799,3.12193
800,3.32193
801,3.32193
802,3.12193
803,3.12193
804,3.32193
805,3.12193
806,3.12193
807,2.92193
808,3.12193
809,3.12193
810,2.92193
811,3.12193
812,3.32193
813,3.12193
814,3.32193
815,2.72193
816,3.12193
817,3.12193
818,3.32193
819,3.12193
820,3.12193
821,3.32193
822,3.32193
823,3.32193
824,2.92193
825,2.52193
826,2.84644
827,2.92193
828,3.12193
829,3.12193
830,3.12193
831,3.32193
832,3.32193
833,3.12193
834,2.92193
835,2.92193
836,2.64644
837,2.64644
838,3.32193
839,3.32193
840,3.32193
841,3.12193
842,3.32193
843,3.32193
844,3.32193
845,3.12193
846,3.32193
847,3.32193
848,3.12193
849,2.64644
850,2.92193
851,3.32193
852,2.92193
853,3.32193
854,3.12193
855,3.12193
856,3.12193
857,3.12193
858,3.32193
859,3.32193
860,3.32193
861,3.32193
862,3.32193
863,3.12193
864,3.12193
865,3.32193
866,3.32193
867,3.32193
868,2.52193
869,2.64644
870,3.12193
871,3.32193
872,3.32193
873,3.12193
874,2.84644
875,3.32193
876,3.32193
877,3.32193
878,3.32193
879,3.12193
880,3.32193
881,3.32193
882,2.92193
883,3.32193
884,3.12193
885,3.32193
886,2.84644
887,3.32193
888,3.32193
889,3.32193
890,2.84644
891,2.92193
892,3.32193
893,2.92193
894,2.84644
895,3.32193
896,3.32193
897,3.12193
898,3.32193
899,2.92193
900,3.32193
901,3.32193
902,3.32193
903,2.92193
904,3.32193
905,3.12193
906,2.72193
907,3.32193
908,3.32193
909,3.32193
910,3.32193
911,3.32193
912,3.32193
913,2.92193
914,3.12193
915,3.32193
916,3.32193
917,2.84644
918,3.32193
919,3.32193
920,3.12193
921,3.32193
922,3.12193
923,2.92193
924,3.32193
925,3.32193
926,3.12193
927,3.32193
928,2.64644
929,2.64644
930,3.32193
931,3.32193
932,3.32193
933,3.12193
934,3.32193
935,2.84644
936,3.12193
937,3.32193
938,2.92193
939,2.92193
940,3.32193
941,3.32193
942,3.12193
943,3.32193
944,3.32193
945,2.92193
946,3.12193
947,2.92193
948,3.12193
949,3.12193
950,3.32193
951,3.32193
952,3.12193
953,2.64644
954,2.84644
955,2.84644
956,3.12193
957,3.12193
958,3.32193
959,3.32193
960,3.32193
961,3.12193
962,2.92193
963,3.32193
964,3.12193
965,3.12193
966,3.12193
967,3.12193
968,3.32193
969,2.84644
970,2.92193
971,2.84644
972,2.92193
973,2.92193
974,3.12193
975,3.32193
976,3.32193
977,3.12193
978,3.32193
979,3.32193
980,3.32193
981,3.32193
982,3.12193
983,2.84644
984,3.32193
985,3.12193
986,3.12193
987,3.12193
988,3.32193
989,3.12193
990,3.32193
991,3.32193
992,3.12193
993,3.12193
994,3.32193
995,2.84644
996,3.32193
997,3.32193
998,3.32193
999,3.32193
1000,3.12193
1001,3.32193
1002,3.32193
1003,3.32193
1004,3.32193
1005,3.32193
1006,3.12193
1007,3.32193
1008,3.32193
1009,3.32193
1010,3.32193
1011,3.12193
1012,2.52193
1013,3.12193
1014,3.32193
1015,2.84644
1016,3.32193
1017,3.12193
1018,3.12193
1019,3.32193
1020,2.84644
1021,3.12193
1022,2.52193
1023,3.12193
1024,3.12193
1025,3.12193
1026,2.84644
1027,3.12193
1028,3.12193
1029,3.12193
1030,3.32193
1031,2.92193
1032,2.92193
1033,2.92193
1034,2.92193
1035,3.32193
1036,2.84644
1037,3.12193
1038,3.32193
1039,3.32193
1040,3.32193
1041,2.72193
1042,3.12193
1043,3.12193
1044,3.12193
1045,3.32193
1046,3.32193
1047,3.32193
1048,3.32193
1049,3.12193
1050,3.12193
1051,3.12193
1052,3.32193
1053,2.52193
1054,3.32193
1055,3.32193
1056,3.12193
1057,3.12193
1058,2.92193
1059,3.12193
1060,3.32193
1061,3.12193
1062,3.32193
1063,3.12193
1064,2.84644
1065,3.12193
1066,2.92193
1067,3.12193
1068,3.12193
1069,3.12193
1070,3.32193
1071,3.12193
1072,3.32193
1073,2.92193
1074,3.12193
1075,2.92193
1076,3.32193
1077,3.12193
1078,2.92193
1079,3.12193
1080,3.12193
1081,3.12193
1082,3.12193
1083,3.12193
1084,3.32193
1085,3.12193
1086,3.12193
1087,3.32193
1088,3.32193
1089,3.12193
1090,2.64644
1091,3.32193
1092,2.84644
1093,3.32193
1094,3.32193
1095,3.12193
1096,3.12193
1097,3.32193
1098,2.52193
1099,2.92193
1100,2.92193
1101,3.32193
1102,3.32193
1103,3.12193
1104,3.32193
1105,2.92193
1106,2.92193
1107,3.32193
1108,3.12193
1109,2.84644
1110,3.32193
1111,3.32193
1112,2.84644
1113,3.12193
1114,3.32193
1115,2.72193
1116,3.32193
1117,3.12193
1118,3.32193
1119,3.12193
1120,3.12193
1121,3.12193
1122,3.12193
1123,3.32193
1124,3.12193
1125,3.32193
1126,3.32193
1127,3.32193
1128,2.92193
1129,3.32193
1130,3.32193
1131,3.12193
1132,3.12193
1133,3.12193
1134,3.12193
1135,3.32193
1136,2.52193
1137,3.32193
1138,2.52193
1139,2.92193
1140,3.32193
1141,2.84644
1142,2.92193
1143,3.12193
1144,3.32193
1145,3.12193
1146,2.92193
1147,3.32193
1148,3.12193
1149,3.32193
1150,2.92193
1151,3.12193
1152,3.12193
1153,3.12193
1154,3.32193
1155,3.32193
1156,3.32193
1157,3.32193
1158,3.32193
1159,3.12193
1160,2.84644
1161,3.32193
1162,3.12193
1163,3.12193
1164,3.12193
1165,3.32193
1166,3.12193
1167,3.12193
1168,3.12193
1169,3.32193
1170,2.92193
1171,3.32193
1172,3.12193
1173,3.12193
1174,3.32193
1175,3.12193
1176,2.84644
1177,3.32193
1178,3.12193
1179,3.12193
1180,3.32193
1181,2.92193
1182,3.12193
1183,3.12193
1184,3.32193
1185,2.84644
1186,3.12193
1187,3.32193
1188,2.92193
1189,3.32193
1190,3.32193
1191,3.32193
1192,3.32193
1193,3.32193
1194,3.12193
1195,3.32193
1196,2.92193
1197,3.32193
1198,3.32193
1199,2.92193
1200,3.32193
1201,3.12193
1202,3.12193
1203,2.72193
1204,2.92193
1205,3.32193
1206,3.32193
1207,3.32193
1208,3.32193
1209,3.32193
1210,2.92193
1211,3.32193
1212,2.92193
1213,2.84644
1214,3.12193
1215,3.32193
1216,3.12193
1217,2.84644
1218,3.12193
1219,3.12193
1220,3.32193
1221,2.16096
1222,3.12193
1223,3.12193
1224,3.32193
1225,3.32193
1226,3.12193
1227,3.32193
1228,3.32193
1229,3.12193
1230,3.32193
1231,2.92193
1232,3.32193
1233,3.32193
1234,3.32193
1235,3.32193
1236,2.92193
1237,2.64644
1238,3.12193
1239,3.32193
1240,3.32193
1241,3.12193
1242,3.32193
1243,3.32193
1244,2.92193
1245,3.32193
1246,3.32193
1247,3.32193
1248,3.32193
1249,3.32193
1250,3.12193
1251,3.32193
1252,3.32193
1253,3.32193
1254,3.32193
1255,3.12193
1256,3.32193
1257,3.32193
1258,2.64644
1259,3.12193
1260,3.32193
1261,2.84644
1262,3.32193
1263,2.92193
1264,3.32193
1265,3.12193
1266,3.32193
1267,3.32193
1268,3.32193
1269,3.12193
1270,3.12193
1271,3.32193
1272,3.12193
1273,3.12193
1274,2.92193
1275,3.12193
1276,3.12193
1277,3.32193
1278,3.12193
1279,2.92193
1280,2.92193
1281,2.92193
1282,3.12193
1283,3.12193
1284,3.32193
1285,3.12193
1286,3.12193
1287,3.12193
1288,2.84644
1289,2.52193
1290,2.84644
1291,3.32193
1292,3.12193
1293,2.84644
1294,2.52193
1295,2.92193
1296,3.32193
1297,3.32193
1298,3.32193
1299,3.32193
1300,3.12193
1301,3.32193
1302,2.92193
1303,3.32193
1304,2.92193
1305,3.12193
1306,2.84644
1307,3.12193
1308,3.12193
1309,3.12193
1310,2.84644
1311,2.84644
1312,2.84644
1313,3.32193
1314,3.12193
1315,3.12193
1316,3.12193
1317,3.12193
1318,3.12193
1319,3.32193
1320,3.12193
1321,3.32193
1322,3.32193
1323,3.12193
1324,3.32193
1325,3.32193
1326,3.12193
1327,3.12193
1328,3.12193
1329,3.32193
1330,3.12193
1331,3.12193
1332,3.12193
1333,2.72193
1334,3.32193
1335,2.92193
1336,2.84644
1337,3.32193
1338,3.32193
1339,3.12193
1340,3.12193
1341,3.32193
1342,2.32193
1343,3.12193
1344,3.32193
1345,3.12193
1346,3.32193
1347,3.32193
1348,3.12193
1349,2.84644
1350,3.12193
1351,3.12193
1352,2.52193
1353,2.92193
1354,3.32193
1355,3.12193
1356,3.32193
1357,2.52193
1358,2.64644
1359,2.72193
1360,2.92193
1361,3.12193
1362,3.32193
1363,3.32193
1364,2.44644
1365,2.92193
1366,2.64644
1367,3.12193
1368,2.72193
1369,3.12193
1370,3.12193
1371,3.32193
1372,3.32193
1373,2.92193
1374,3.32193
1375,3.32193
1376,2.92193
1377,3.32193
1378,3.12193
1379,2.84644
1380,3.32193
1381,3.32193
1382,3.12193
1383,3.12193
1384,2.84644
1385,2.84644
1386,3.12193
1387,3.32193
1388,3.12193
1389,2.92193
1390,3.12193
1391,3.32193
1392,3.32193
1393,3.12193
1394,3.32193
1395,2.84644
1396,3.12193
1397,2.64644
1398,3.32193
1399,3.12193
1400,3.32193
1401,3.12193
1402,3.12193
1403,3.32193
1404,3.32193
1405,3.12193
1406,3.12193
1407,2.92193
1408,2.84644
1409,2.84644
1410,3.12193
1411,3.32193
1412,3.32193
1413,3.12193
1414,2.92193
1415,3.32193
1416,3.12193
1417,3.32193
1418,3.12193
1419,3.32193
1420,3.32193
1421,2.92193
1422,3.12193
1423,3.32193
1424,3.32193
1425,2.92193
1426,3.12193
1427,3.32193
1428,3.12193
1429,3.32193
1430,3.12193
1431,3.12193
1432,3.32193
1433,3.32193
1434,3.12193
1435,3.12193
1436,3.32193
1437,3.32193
1438,3.12193
1439,3.32193
1440,3.12193
1441,3.12193
1442,3.32193
1443,2.84644
1444,3.12193
1445,3.32193
1446,3.32193
1447,3.32193
1448,2.84644
1449,3.12193
1450,3.12193
1451,3.32193
1452,3.32193
1453,3.32193
1454,3.12193
1455,3.32193
1456,3.12193
1457,3.32193
1458,2.84644
1459,3.32193
1460,3.32193
1461,3.32193
1462,3.32193
1463,3.32193
1464,3.32193
1465,3.32193
1466,3.12193
1467,2.84644
1468,3.32193
1469,3.12193
1470,3.12193
1471,3.32193
1472,3.12193
1473,3.12193
1474,3.12193
1475,3.32193
1476,2.92193
1477,2.92193
1478,2.92193
1479,2.52193
1480,3.12193
1481,3.32193
1482,3.12193
1483,3.12193
1484,2.92193
1485,3.12193
1486,2.92193
1487,3.12193
1488,2.92193
1489,3.32193
1490,3.32193
1491,3.32193
1492,2.92193
1493,3.32193
1494,3.12193
1495,3.12193
1496,3.32193
1497,3.32193
1498,3.32193
1499,3.12193
1500,3.32193
1501,2.92193
1502,3.32193
1503,3.12193
1504,2.72193
1505,3.12193
1506,2.84644
1507,3.12193
1508,3.12193
1509,3.32193
1510,3.32193
1511,2.84644
1512,2.84644
1513,3.32193
1514,2.64644
1515,3.12193
1516,2.84644
1517,3.32193
1518,3.12193
1519,3.32193
1520,3.12193
1521,2.92193
1522,3.12193
1523,2.92193
1524,3.12193
1525,3.32193
1526,2.52193
1527,3.12193
1528,3.32193
1529,2.84644
1530,3.32193
1531,3.32193
1532,3.12193
1533,3.12193
1534,3.32193
1535,2.92193
1536,3.12193
1537,3.32193
1538,2.92193
1539,3.12193
1540,3.12193
1541,3.12193
1542,3.12193
1543,3.32193
1544,3.32193
1545,2.64644
1546,3.12193
1547,3.32193
1548,3.12193
1549,3.12193
1550,2.72193
1551,2.92193
1552,3.12193
1553,3.12193
1554,3.12193
1555,3.32193
1556,2.37095
1557,2.92193
1558,2.92193
1559,3.12193
1560,3.32193
1561,3.32193
1562,3.12193
1563,3.32193
1564,3.32193
1565,3.32193
1566,2.92193
1567,3.32193
1568,3.12193
1569,3.32193
1570,3.12193
1571,2.92193
1572,3.12193
1573,3.32193
1574,3.12193
1575,3.32193
1576,3.32193
1577,3.32193
1578,2.64644
1579,3.32193
1580,3.32193
1581,2.92193
1582,3.12193
1583,3.12193
1584,3.12193
1585,3.12193
1586,2.92193
1587,3.32193
1588,3.32193
1589,2.92193
1590,3.32193
1591,3.32193
1592,3.32193
1593,2.32193
1594,2.64644
1595,3.12193
1596,3.32193
1597,3.32193
1598,3.12193
1599,3.32193
1600,3.32193
1601,2.92193
1602,3.32193
1603,3.12193
1604,3.32193
1605,3.12193
1606,3.32193
1607,3.32193
1608,3.32193
1609,3.12193
1610,3.32193
1611,3.32193
1612,3.32193
1613,3.32193
1614,3.32193
1615,2.84644
1616,3.32193
1617,3.32193
1618,2.92193
1619,3.32193
1620,3.12193
1621,3.32193
1622,3.12193
1623,2.52193
1624,3.32193
1625,2.92193
1626,3.12193
1627,3.32193
1628,3.32193
1629,3.12193
1630,3.12193
1631,3.32193
1632,3.32193
1633,3.12193
1634,3.12193
1635,3.32193
1636,3.12193
1637,3.12193
1638,3.12193
1639,3.12193
1640,3.12193
1641,3.12193
1642,2.84644
1643,3.32193
1644,3.12193
1645,3.32193
1646,2.64644
1647,3.32193
1648,2.84644
1649,3.12193
1650,3.32193
1651,3.32193
1652,3.12193
1653,3.32193
1654,3.12193
1655,3.32193
1656,2.64644
1657,2.84644
1658,3.32193
1659,3.12193
1660,3.32193
1661,3.12193
1662,3.32193
1663,3.12193
1664,2.92193
1665,2.84644
1666,3.32193
1667,2.84644
1668,3.32193
1669,3.12193
1670,3.32193
1671,3.12193
1672,3.32193
1673,3.32193
1674,3.12193
1675,2.92193
1676,3.32193
1677,3.32193
1678,3.12193
1679,3.32193
1680,2.92193
1681,3.32193
1682,3.32193
1683,3.12193
1684,3.32193
1685,3.32193
1686,2.92193
1687,3.12193
1688,3.32193
1689,3.32193
1690,3.32193
1691,3.32193
1692,3.32193
1693,3.12193
1694,3.12193
1695,3.32193
1696,3.12193
1697,3.12193
1698,3.32193
1699,3.32193
1700,3.32193
1701,3.32193
1702,3.32193
1703,3.32193
1704,3.12193
1705,3.12193
1706,3.12193
1707,3.32193
1708,2.92193
1709,3.32193
1710,2.72193
1711,3.32193
1712,3.32193
1713,3.12193
1714,3.12193
1715,3.32193
1716,3.32193
1717,3.32193
1718,3.12193
1719,3.12193
1720,2.92193
1721,3.32193
1722,2.92193
1723,3.32193
1724,3.12193
1725,3.12193
1726,3.32193
1727,3.32193
1728,3.32193
1729,3.32193
1730,3.12193
1731,3.32193
1732,3.32193
1733,3.32193
1734,3.32193
1735,3.32193
1736,3.32193
1737,3.12193
1738,2.92193
1739,3.32193
1740,2.84644
1741,2.44644
1742,2.92193
1743,3.12193
1744,3.12193
1745,3.12193
1746,3.32193
1747,3.32193
1748,3.12193
1749,2.92193
1750,2.92193
1751,3.12193
1752,3.32193
1753,2.84644
1754,3.12193
1755,3.12193
1756,3.12193
1757,2.84644
1758,3.32193
1759,3.12193
1760,3.12193
1761,2.84644
1762,3.32193
1763,3.12193
1764,3.32193
1765,3.12193
1766,3.12193
1767,3.12193
1768,2.64644
1769,2.92193
1770,3.32193
1771,3.32193
1772,2.92193
1773,2.84644
1774,2.92193
1775,2.84644
1776,3.12193
1777,3.12193
1778,3.32193
1779,3.12193
1780,3.32193
1781,3.12193
1782,2.92193
1783,3.12193
1784,3.32193
1785,3.32193
1786,2.92193
1787,3.32193
1788,3.12193
1789,2.92193
1790,3.32193
1791,3.12193
1792,3.32193
1793,3.32193
1794,2.92193
1795,2.84644
1796,3.12193
1797,3.32193
1798,3.12193
1799,3.32193
1800,3.12193
1801,3.32193
1802,3.12193
1803,3.12193
1804,3.32193
1805,3.32193
1806,2.92193
1807,2.52193
1808,3.12193
1809,2.16096
1810,3.32193
1811,2.92193
1812,3.12193
1813,3.32193
1814,2.92193
1815,3.32193
1816,3.12193
1817,3.32193
1818,3.12193
1819,3.12193
1820,3.32193
1821,3.12193
1822,3.32193
1823,3.32193
1824,3.32193
1825,3.12193
1826,3.12193
1827,3.12193
1828,3.12193
1829,3.32193
1830,3.32193
1831,3.12193
1832,3.32193
1833,3.12193
1834,3.32193
1835,2.92193
1836,3.32193
1837,3.32193
1838,3.12193
1839,3.12193
1840,3.12193
1841,3.12193
1842,2.92193
1843,3.32193
1844,3.12193
1845,3.32193
1846,3.12193
1847,3.32193
1848,3.32193
1849,3.32193
1850,2.84644
1851,2.92193
1852,3.12193
1853,3.12193
1854,2.64644
1855,2.72193
1856,3.32193
1857,2.64644
1858,3.12193
1859,3.32193
1860,3.32193
1861,3.32193
1862,3.12193
1863,3.32193
1864,3.12193
1865,3.32193
1866,2.92193
1867,3.32193
1868,3.32193
1869,3.12193
1870,3.12193
1871,3.32193
1872,3.32193
1873,3.12193
1874,3.32193
1875,3.32193
1876,3.32193
1877,3.12193
1878,3.32193
1879,3.12193
1880,2.84644
1881,3.32193
1882,3.12193
1883,2.84644
1884,3.32193
1885,2.84644
1886,2.92193
1887,3.12193
1888,2.84644
1889,3.32193
1890,3.12193
1891,3.12193
1892,3.12193
1893,3.32193
1894,3.32193
1895,2.72193
1896,3.32193
1897,3.12193
1898,3.12193
1899,2.84644
1900,3.32193
1901,3.12193
1902,2.92193
1903,3.12193
1904,2.92193
1905,3.32193
1906,2.64644
1907,3.12193
1908,3.32193
1909,3.12193
1910,3.32193
1911,2.84644
1912,3.32193
1913,3.32193
1914,3.12193
1915,3.12193
1916,3.32193
1917,2.64644
1918,3.32193
1919,3.12193
1920,3.32193
1921,3.32193
1922,3.12193
1923,3.32193
1924,3.12193
1925,2.92193
1926,3.12193
1927,3.32193
1928,3.12193
1929,3.32193
1930,3.32193
1931,3.32193
1932,3.12193
1933,3.32193
1934,3.32193
1935,3.12193
1936,3.12193
1937,3.12193
1938,3.12193
1939,3.32193
1940,2.92193
1941,3.12193
1942,3.12193
1943,3.32193
1944,3.12193
1945,3.12193
1946,3.12193
1947,3.32193
1948,3.32193
1949,3.32193
1950,3.12193
1951,3.12193
1952,3.12193
1953,3.12193
1954,3.12193
1955,3.12193
1956,3.12193
1957,3.32193
1958,3.32193
1959,2.92193
1960,3.32193
1961,3.12193
1962,1.96096
1963,3.32193
1964,3.32193
1965,3.32193
1966,3.32193
1967,3.12193
1968,2.84644
1969,3.32193
1970,2.84644
1971,3.32193
1972,3.32193
1973,2.84644
1974,2.84644
1975,3.32193
1976,3.12193
1977,3.12193
1978,3.32193
1979,2.92193
1980,3.12193
1981,3.32193
1982,3.32193
1983,2.84644
1984,3.32193
1985,3.32193
1986,2.92193
1987,2.84644
1988,3.12193
1989,3.32193
1990,2.52193
1991,3.12193
1992,3.12193
1993,3.12193
1994,2.84644
1995,3.12193
1996,3.32193
1997,3.32193
1998,3.12193
1999,2.84644
