0,3.32193
1,3.32193
2,3.32193
3,3.12193
4,3.12193
5,3.32193
6,2.92193
7,3.32193
8,3.32193
9,3.12193
10,2.92193
11,3.12193
12,3.32193
13,3.12193
14,3.12193
15,3.12193
16,3.12193
17,3.32193
18,3.32193
19,3.12193
20,3.32193
21,3.12193
22,3.32193
23,3.12193
24,3.32193
25,3.12193
26,3.12193
27,3.32193
28,2.92193
29,3.32193
30,3.12193
31,2.84644
32,3.32193
33,3.32193
34,3.32193
35,3.12193
36,3.32193
37,3.32193
38,3.12193
39,3.12193
40,3.12193
41,3.12193
42,3.32193
43,3.32193
44,3.32193
45,3.12193
46,2.92193
47,3.12193
48,3.12193
49,2.84644
50,3.12193
51,3.12193
52,3.12193
53,2.84644
54,3.32193
55,2.84644
56,2.92193
57,3.32193
58,2.84644
59,2.64644
60,3.12193
61,3.12193
62,2.92193
63,3.12193
64,3.12193
65,2.92193
66,3.32193
67,2.72193
68,2.92193
69,3.12193
70,3.12193
71,3.12193
72,3.32193
73,3.32193
74,2.84644
75,3.32193
76,3.32193
77,3.12193
78,3.32193
79,3.32193
80,3.32193
81,2.92193
82,3.12193
83,3.32193
84,3.32193
85,3.12193
86,3.32193
87,3.32193
88,3.32193
89,3.32193
90,3.12193
91,3.12193
92,3.12193
93,3.12193
94,3.12193
95,3.12193
96,3.32193
97,3.32193
98,3.12193
99,3.32193
100,3.12193
101,2.92193
102,3.12193
103,3.32193
104,3.32193
105,3.32193
106,2.52193
107,2.72193
108,2.84644
109,3.32193
110,3.32193
111,2.92193
112,3.12193
113,3.12193
114,3.12193
115,3.12193
116,3.12193
117,3.12193
118,2.92193
119,2.84644
120,2.84644
121,2.84644
122,3.32193
123,3.32193
124,2.64644
125,3.32193
126,3.12193
127,3.32193
128,3.12193
129,3.32193
130,3.32193
131,2.64644
132,3.32193
133,3.32193
134,3.12193
135,3.32193
136,3.12193
137,3.12193
138,3.12193
139,3.32193
140,3.32193
141,3.12193
142,3.32193
143,3.12193
144,3.12193
145,2.92193
146,3.32193
147,3.32193
148,3.32193
149,3.12193
150,3.12193
151,3.32193
152,2.84644
153,3.32193
154,3.12193
155,3.32193
156,3.32193
157,3.32193
158,2.92193
159,2.92193
160,2.92193
161,3.32193
162,3.32193
163,3.32193
164,3.12193
165,3.32193
166,3.12193
167,3.32193
168,3.32193
169,3.12193
170,2.92193
171,3.32193
172,3.32193
173,3.12193
174,3.12193
175,3.32193
176,3.12193
177,3.12193
178,3.32193
179,3.32193
180,3.32193
181,3.12193
182,3.32193
183,3.32193
184,2.84644
185,3.32193
186,3.32193
187,3.12193
188,3.12193
189,2.92193
190,3.32193
191,3.32193
192,3.12193
193,3.32193
194,3.12193
195,3.12193
196,3.12193
197,3.32193
198,3.12193
199,2.72193
200,3.12193
201,3.32193
202,3.12193
203,2.84644
204,2.92193
205,2.84644
206,3.32193
207,3.12193
208,3.32193
209,3.32193
210,3.12193
211,3.32193
212,3.12193
213,2.92193
214,2.92193
215,3.12193
216,3.12193
217,3.12193
218,3.32193
219,3.12193
220,2.37095
221,3.32193
222,3.12193
223,3.32193
224,3.12193
225,2.52193
226,3.12193
227,3.32193
228,3.12193
229,2.84644
230,2.84644
231,2.92193
232,3.12193
233,3.32193
234,3.32193
235,3.32193
236,2.92193
237,2.92193
238,2.84644
239,3.32193
240,3.32193
241,3.32193
242,3.12193
243,3.12193
244,3.12193
245,3.32193
246,3.12193
247,2.52193
248,3.12193
249,2.52193
250,3.12193
251,3.12193
252,3.32193
253,3.32193
254,3.32193
255,3.32193
256,3.32193
257,2.84644
258,2.32193
259,2.92193
260,3.12193
261,3.12193
262,3.32193
263,3.12193
264,3.12193
265,3.32193
266,3.12193
267,2.84644
268,3.12193
269,3.12193
270,2.92193
271,3.32193
272,3.12193
273,3.32193
274,3.32193
275,3.12193
276,2.84644
277,3.32193
278,3.12193
279,3.32193
280,3.12193
281,3.32193
282,2.52193
283,3.32193
284,2.84644
285,2.92193
286,3.12193
287,3.12193
288,3.32193
289,3.12193
290,3.12193
291,3.32193
292,3.12193
293,2.92193
294,2.92193
295,3.32193
296,3.12193
297,3.32193
298,3.12193
299,3.32193
300,2.92193
301,3.12193
302,2.84644
303,3.32193
304,3.32193
305,3.32193
306,3.12193
307,3.32193
308,3.32193
309,2.64644
310,2.92193
311,3.32193
312,2.84644
313,2.92193
314,3.12193
315,3.32193
316,2.52193
317,2.92193
318,2.84644
319,2.92193
320,3.32193
321,3.32193
322,3.12193
323,3.12193
324,2.84644
325,3.32193
326,2.16096
327,2.92193
328,3.12193
329,3.32193
330,3.12193
331,3.12193
332,3.12193
333,3.32193
334,3.32193
335,2.92193
336,2.92193
337,3.32193
338,3.32193
339,2.52193
340,3.32193
341,3.32193
342,3.32193
343,3.32193
344,3.32193
345,2.84644
346,3.12193
347,3.32193
348,3.32193
349,3.32193
350,3.32193
351,2.64644
352,3.12193
353,3.32193
354,3.32193
355,3.12193
356,3.12193
357,3.32193
358,2.92193
359,2.84644
360,3.32193
361,3.32193
362,2.84644
363,3.32193
364,3.12193
365,3.32193
366,3.32193
367,3.12193
368,3.32193
369,3.12193
370,3.12193
371,2.84644
372,3.32193
373,2.72193
374,3.32193
375,3.12193
376,3.12193
377,3.12193
378,2.84644
379,2.92193
380,3.32193
381,2.84644
382,3.12193
383,3.32193
384,3.12193
385,3.32193
386,3.32193
387,3.32193
388,3.32193
389,3.32193
390,3.32193
391,3.12193
392,3.12193
393,3.12193
394,3.32193
395,3.32193
396,3.12193
397,3.32193
398,3.32193
399,3.32193
400,3.12193
401,3.12193
402,3.32193
403,3.32193
404,3.12193
405,3.12193
406,3.32193
407,2.52193
408,2.92193
409,2.84644
410,3.12193
411,3.32193
412,3.12193
413,3.32193
414,3.32193
415,3.32193
416,3.32193
417,3.32193
418,3.12193
419,3.32193
420,3.32193
421,3.12193
422,3.12193
423,2.84644
424,2.84644
425,3.12193
426,2.92193
427,3.12193
428,2.84644
429,3.12193
430,3.32193
431,3.32193
432,3.32193
433,3.12193
434,3.12193
435,3.32193
436,3.32193
437,3.32193
438,2.52193
439,3.12193
440,3.32193
441,3.32193
442,3.32193
443,3.12193
444,2.84644
445,3.32193
446,3.32193
447,3.32193
448,3.12193
449,3.12193
450,3.12193
451,3.12193
452,3.12193
453,3.12193
454,3.12193
455,3.32193
456,3.32193
457,3.32193
458,3.32193
459,3.32193
460,3.32193
461,3.12193
462,3.32193
463,3.12193
464,3.32193
465,3.12193
466,2.64644
467,3.32193
468,3.32193
469,3.32193
470,3.32193
471,3.12193
472,3.32193
473,3.12193
474,3.12193
475,2.72193
476,3.32193
477,3.12193
478,2.84644
479,3.32193
480,2.92193
481,3.12193
482,3.12193
483,3.32193
484,2.92193
485,3.32193
486,2.92193
487,2.92193
488,3.32193
489,3.12193
490,3.12193
491,3.32193
492,2.92193
493,3.32193
494,3.32193
495,2.92193
496,3.12193
497,3.12193
498,3.32193
499,3.32193
500,3.32193
501,2.92193
502,3.32193
503,3.12193
504,3.32193
505,3.12193
506,3.32193
507,2.92193
508,3.12193
509,2.64644
510,3.32193
511,3.32193
512,3.32193
513,3.12193
514,3.12193
515,3.12193
516,3.32193
517,3.12193
518,3.32193
519,3.12193
520,3.12193
521,3.12193
522,2.92193
523,3.12193
524,3.32193
525,2.92193
526,3.32193
527,2.84644
528,2.84644
529,2.84644
530,3.12193
531,3.12193
532,3.32193
533,3.32193
534,3.32193
535,2.92193
536,3.32193
537,3.12193
538,3.32193
539,3.32193
540,3.12193
541,3.12193
542,2.92193
543,2.92193
544,3.32193
545,3.12193
546,3.12193
547,3.12193
548,3.12193
549,3.32193
550,2.32193
551,3.12193
552,3.32193
553,3.32193
554,3.32193
555,3.32193
556,3.12193
557,3.12193
558,2.72193
559,3.12193
560,3.12193
561,3.12193
562,3.12193
563,3.12193
564,3.32193
565,3.12193
566,3.32193
567,3.32193
568,3.12193
569,3.32193
570,3.32193
571,3.32193
572,3.32193
573,3.12193
574,3.12193
575,3.12193
576,3.12193
577,2.32193
578,3.12193
579,2.84644
580,3.12193
581,3.32193
582,3.12193
583,2.84644
584,2.84644
585,3.12193
586,3.32193
587,3.32193
588,3.32193
589,3.12193
590,3.32193
591,3.32193
592,3.12193
593,3.32193
594,2.84644
595,3.32193
596,3.32193
597,3.32193
598,3.12193
599,2.92193
600,3.12193
601,3.12193
602,2.84644
603,3.32193
604,2.92193
605,3.32193
606,3.12193
607,3.32193
608,3.32193
609,2.84644
610,3.12193
611,2.64644
612,3.12193
613,3.12193
614,3.32193
615,3.32193
616,3.32193
617,3.12193
618,2.84644
619,3.32193
620,3.32193
621,3.32193
622,3.12193
623,3.32193
624,3.32193
625,3.32193
626,2.52193
627,2.92193
628,3.32193
629,3.12193
630,3.32193
631,3.12193
632,3.12193
633,3.32193
634,2.92193
635,3.12193
636,3.12193
637,3.12193
638,3.32193
639,3.12193
640,3.32193
641,2.64644
642,3.12193
643,3.12193
644,2.92193
645,3.12193
646,3.12193
647,3.32193
648,3.32193
649,3.12193
650,3.12193
651,3.32193
652,3.32193
653,2.92193
654,3.32193
655,2.92193
656,3.12193
657,2.32193
658,3.12193
659,3.12193
660,2.92193
661,3.12193
662,3.12193
663,2.92193
664,3.32193
665,3.12193
666,3.12193
667,3.12193
668,3.12193
669,3.12193
670,3.12193
671,3.32193
672,3.12193
673,3.32193
674,3.32193
675,2.92193
676,3.32193
677,3.12193
678,3.32193
679,3.32193
680,3.32193
681,3.12193
682,3.12193
683,3.12193
684,3.12193
685,2.92193
686,3.32193
687,3.12193
688,3.12193
689,3.32193
690,2.84644
691,3.32193
692,3.32193
693,3.12193
694,3.12193
695,3.12193
696,2.64644
697,2.84644
698,2.84644
699,3.32193
700,3.32193
701,3.32193
702,2.84644
703,3.12193
704,3.32193
705,2.84644
706,3.32193
707,3.32193
708,3.32193
709,3.12193
710,3.32193
711,3.32193
712,3.12193
713,3.12193
714,3.12193
715,3.32193
716,3.12193
717,3.12193
718,3.32193
719,3.12193
720,3.32193
721,3.12193
722,2.84644
723,3.32193
724,3.12193
725,3.32193
726,2.64644
727,3.32193
728,2.92193
729,3.12193
730,2.52193
731,3.12193
732,2.84644
733,3.32193
734,2.92193
735,3.32193
736,3.12193
737,3.32193
738,3.12193
739,3.12193
740,3.32193
741,2.92193
742,3.32193
743,2.92193
744,3.32193
745,3.32193
746,3.32193
747,2.84644
748,3.32193
749,3.32193
750,3.32193
751,3.12193
752,3.12193
753,2.92193
754,3.32193
755,3.32193
756,2.84644
757,2.84644
758,3.32193
759,3.12193
760,3.12193
761,3.12193
762,3.32193
763,2.92193
764,3.32193
765,3.32193
766,2.64644
767,3.12193
768,3.32193
769,3.32193
770,3.12193
771,2.84644
772,3.12193
773,3.12193
774,3.12193
775,3.32193
776,2.92193
777,3.32193
778,2.84644
779,3.12193
780,3.32193
781,3.32193
782,3.12193
783,3.12193
784,3.32193
785,3.32193
786,3.12193
787,3.12193
788,3.32193
789,3.12193
790,3.32193
791,3.12193
792,3.12193
793,3.12193
794,2.37095
795,2.92193
796,3.12193
797,3.32193
798,3.12193
799,3.12193
800,3.32193
801,2.84644
802,3.12193
803,3.12193
804,2.84644
805,2.72193
806,3.12193
807,3.12193
808,3.12193
809,3.12193
810,2.92193
811,3.32193
812,3.12193
813,3.32193
814,3.12193
815,3.32193
816,3.32193
817,3.12193
818,2.92193
819,3.32193
820,3.32193
821,3.12193
822,3.12193
823,3.32193
824,3.32193
825,3.32193
826,3.12193
827,3.32193
828,3.32193
829,2.92193
830,3.32193
831,3.32193
832,3.32193
833,3.32193
834,3.12193
835,2.92193
836,3.32193
837,3.32193
838,3.12193
839,2.84644
840,2.64644
841,2.84644
842,3.32193
843,3.32193
844,3.12193
845,3.12193
846,2.52193
847,3.12193
848,3.32193
849,3.12193
850,3.32193
851,2.84644
852,3.32193
853,3.32193
854,3.32193
855,3.12193
856,3.32193
857,2.92193
858,3.32193
859,3.32193
860,3.12193
861,2.92193
862,3.12193
863,3.12193
864,3.32193
865,3.12193
866,2.84644
867,2.92193
868,3.12193
869,3.32193
870,3.32193
871,3.32193
872,3.12193
873,3.12193
874,3.32193
875,3.32193
876,2.92193
877,3.12193
878,3.32193
879,3.12193
880,2.84644
881,3.32193
882,3.32193
883,3.32193
884,3.32193
885,3.12193
886,3.32193
887,3.32193
888,3.32193
889,3.32193
890,3.32193
891,3.32193
892,3.32193
893,2.92193
894,3.12193
895,3.12193
896,3.32193
897,3.12193
898,3.32193
899,3.32193
900,3.32193
901,3.32193
902,3.12193
903,3.32193
904,2.84644
905,3.32193
906,2.84644
907,2.84644
908,3.32193
909,3.32193
910,2.84644
911,3.12193
912,3.32193
913,3.12193
914,3.12193
915,3.32193
916,3.12193
917,3.12193
918,2.84644
919,3.32193
920,3.32193
921,3.12193
922,3.12193
923,2.92193
924,3.32193
925,3.32193
926,2.52193
927,3.32193
928,3.12193
929,3.12193
930,3.12193
931,3.32193
932,3.32193
933,3.12193
934,3.12193
935,3.12193
936,2.64644
937,2.64644
938,2.92193
939,2.92193
940,3.12193
941,3.32193
942,2.92193
943,3.32193
944,3.32193
945,2.84644
946,3.12193
947,3.32193
948,3.32193
949,3.32193
950,2.64644
951,2.64644
952,2.92193
953,3.32193
954,3.12193
955,2.92193
956,3.12193
957,3.32193
958,3.32193
959,3.12193
960,3.32193
961,3.32193
962,2.84644
963,3.12193
964,3.32193
965,2.92193
966,2.64644
967,3.32193
968,3.32193
969,3.32193
970,2.92193
971,2.84644
972,3.32193
973,3.12193
974,3.32193
975,3.12193
976,3.32193
977,3.12193
978,2.64644
979,3.12193
980,2.72193
981,3.32193
982,3.12193
983,3.32193
984,2.84644
985,2.64644
986,2.92193
987,3.12193
988,3.12193
989,2.84644
990,3.12193
991,3.12193
992,3.32193
993,3.12193
994,3.32193
995,2.84644
996,3.32193
997,3.12193
998,2.84644
999,3.12193
1000,2.72193
1001,3.32193
1002,2.84644
1003,2.52193
1004,3.12193
1005,3.32193
1006,2.84644
1007,2.72193
1008,3.32193
1009,3.32193
1010,3.32193
1011,3.32193
1012,3.32193
1013,2.92193
1014,3.32193
1015,3.12193
1016,2.84644
1017,3.12193
1018,3.32193
1019,2.52193
1020,2.92193
1021,2.92193
1022,3.32193
1023,3.32193
1024,2.92193
1025,3.32193
1026,3.12193
1027,3.32193
1028,3.32193
1029,3.32193
1030,3.32193
1031,2.72193
1032,3.12193
1033,3.32193
1034,3.12193
1035,3.12193
1036,3.32193
1037,3.32193
1038,3.12193
1039,3.12193
1040,3.12193
1041,3.32193
1042,3.12193
1043,3.32193
1044,3.12193
1045,3.12193
1046,3.12193
1047,3.12193
1048,3.12193
1049,3.32193
1050,3.12193
1051,3.12193
1052,3.32193
1053,3.32193
1054,3.32193
1055,3.32193
1056,3.12193
1057,2.92193
1058,2.72193
1059,3.12193
1060,3.12193
1061,3.32193
1062,3.12193
1063,3.12193
1064,3.12193
1065,3.32193
1066,3.32193
1067,3.32193
1068,3.32193
1069,3.32193
1070,3.32193
1071,3.32193
1072,2.72193
1073,3.12193
1074,3.12193
1075,3.32193
1076,3.12193
1077,2.84644
1078,3.32193
1079,3.12193
1080,2.92193
1081,3.32193
1082,2.92193
1083,3.32193
1084,2.64644
1085,3.32193
1086,3.32193
1087,3.12193
1088,3.12193
1089,3.32193
1090,3.32193
1091,3.32193
1092,3.12193
1093,3.32193
1094,3.12193
1095,3.32193
1096,3.32193
1097,3.32193
1098,3.32193
1099,3.32193
1100,3.12193
1101,3.32193
1102,3.32193
1103,3.12193
1104,3.12193
1105,2.92193
1106,3.32193
1107,3.12193
1108,3.12193
1109,3.32193
1110,3.12193
1111,3.32193
1112,3.12193
1113,3.32193
1114,3.32193
1115,3.12193
1116,3.32193
1117,3.12193
1118,3.12193
1119,3.32193
1120,3.12193
1121,3.32193
1122,3.12193
1123,3.32193
1124,2.92193
1125,3.32193
1126,3.32193
1127,2.92193
1128,2.92193
1129,2.92193
1130,3.12193
1131,3.32193
1132,3.32193
1133,3.32193
1134,3.12193
1135,3.32193
1136,3.32193
1137,3.32193
1138,3.12193
1139,3.12193
1140,3.12193
1141,2.92193
1142,3.12193
1143,3.32193
1144,3.32193
1145,3.12193
1146,2.92193
1147,3.12193
1148,3.32193
1149,3.12193
1150,3.12193
1151,3.12193
1152,3.12193
1153,3.32193
1154,3.12193
1155,3.12193
1156,3.32193
1157,3.12193
1158,3.12193
1159,3.32193
1160,3.32193
1161,3.32193
1162,3.32193
1163,3.32193
1164,3.32193
1165,2.64644
1166,3.32193
1167,3.32193
1168,2.84644
1169,3.12193
1170,3.12193
1171,3.12193
1172,3.32193
1173,3.12193
1174,3.12193
1175,2.92193
1176,3.12193
1177,3.32193
1178,3.32193
1179,3.32193
1180,3.12193
1181,3.12193
1182,2.92193
1183,3.12193
1184,3.32193
1185,3.12193
1186,3.32193
1187,3.32193
1188,3.12193
1189,3.32193
1190,3.32193
1191,3.32193
1192,3.12193
1193,3.32193
1194,3.32193
1195,2.92193
1196,2.92193
1197,3.12193
1198,2.92193
1199,3.32193
1200,2.84644
1201,3.12193
1202,3.12193
1203,2.84644
1204,3.32193
1205,2.92193
1206,2.84644
1207,2.84644
1208,3.12193
1209,3.32193
1210,3.12193
1211,3.12193
1212,2.92193
1213,2.92193
1214,3.32193
1215,3.32193
1216,3.32193
1217,3.12193
1218,3.32193
1219,3.12193
1220,3.12193
1221,3.12193
1222,3.12193
1223,3.12193
1224,3.12193
1225,3.32193
1226,3.32193
1227,3.12193
1228,2.92193
1229,3.12193
1230,3.32193
1231,3.12193
1232,3.12193
1233,3.12193
1234,3.32193
1235,3.12193
1236,3.32193
1237,3.32193
1238,2.84644
1239,3.32193
1240,3.12193
1241,3.12193
1242,2.92193
1243,3.12193
1244,3.12193
1245,3.32193
1246,3.32193
1247,3.12193
1248,3.12193
1249,3.12193
1250,3.12193
1251,3.32193
1252,3.32193
1253,2.92193
1254,2.92193
1255,3.12193
1256,3.32193
1257,3.32193
1258,3.32193
1259,3.12193
1260,3.32193
1261,3.32193
1262,3.12193
1263,3.12193
1264,3.32193
1265,3.32193
1266,3.32193
1267,3.32193
1268,3.12193
1269,3.32193
1270,3.32193
1271,3.32193
1272,3.12193
1273,3.12193
1274,3.12193
1275,3.32193
1276,3.12193
1277,3.32193
1278,3.12193
1279,3.32193
1280,3.32193
1281,3.12193
1282,2.92193
1283,3.32193
1284,3.12193
1285,3.32193
1286,3.32193
1287,3.12193
1288,3.32193
1289,3.12193
1290,2.52193
1291,3.32193
1292,3.12193
1293,2.84644
1294,3.12193
1295,3.32193
1296,2.52193
1297,3.12193
1298,3.12193
1299,3.32193
1300,3.12193
1301,3.32193
1302,3.32193
1303,3.32193
1304,3.12193
1305,2.84644
1306,2.84644
1307,3.12193
1308,3.32193
1309,3.32193
1310,3.32193
1311,3.32193
1312,3.32193
1313,3.32193
1314,3.12193
1315,3.32193
1316,3.12193
1317,2.64644
1318,3.12193
1319,3.12193
1320,3.12193
1321,3.12193
1322,3.12193
1323,3.12193
1324,2.92193
1325,3.32193
1326,3.32193
1327,3.32193
1328,3.32193
1329,3.12193
1330,2.64644
1331,2.92193
1332,3.12193
1333,2.92193
1334,2.92193
1335,3.32193
1336,3.32193
1337,3.12193
1338,3.32193
1339,3.32193
1340,3.12193
1341,3.12193
1342,3.12193
1343,3.32193
1344,3.12193
1345,3.32193
1346,3.32193
1347,2.92193
1348,3.12193
1349,3.12193
1350,3.12193
1351,3.32193
1352,3.32193
1353,3.32193
1354,3.12193
1355,3.12193
1356,2.84644
1357,3.32193
1358,3.32193
1359,3.12193
1360,3.12193
1361,3.12193
1362,3.32193
1363,3.32193
1364,3.32193
1365,3.32193
1366,3.32193
1367,3.12193
1368,2.92193
1369,3.12193
1370,3.32193
1371,3.32193
1372,3.32193
1373,3.32193
1374,3.32193
1375,2.84644
1376,3.32193
1377,3.32193
1378,3.12193
1379,3.12193
1380,2.52193
1381,3.12193
1382,3.32193
1383,2.84644
1384,3.12193
1385,3.12193
1386,3.32193
1387,3.12193
1388,2.92193
1389,2.84644
1390,3.12193
1391,2.64644
1392,3.12193
1393,2.84644
1394,2.84644
1395,3.12193
1396,3.32193
1397,3.12193
1398,3.12193
1399,3.32193
1400,3.32193
1401,2.92193
1402,2.92193
1403,3.32193
1404,3.32193
1405,3.32193
1406,3.12193
1407,3.32193
1408,2.72193
1409,3.32193
1410,3.32193
1411,3.12193
1412,3.32193
1413,3.32193
1414,3.12193
1415,3.12193
1416,3.32193
1417,2.92193
1418,3.32193
1419,3.12193
1420,2.92193
1421,3.12193
1422,3.32193
1423,3.32193
1424,3.12193
1425,3.12193
1426,3.32193
1427,3.32193
1428,3.12193
1429,3.12193
1430,3.32193
1431,3.32193
1432,2.92193
1433,3.32193
1434,3.32193
1435,3.32193
1436,3.32193
1437,3.12193
1438,3.32193
1439,3.12193
1440,2.84644
1441,3.12193
1442,3.32193
1443,3.32193
1444,3.32193
1445,3.32193
1446,3.12193
1447,3.32193
1448,2.64644
1449,2.92193
1450,3.32193
1451,3.12193
1452,2.84644
1453,3.12193
1454,3.32193
1455,3.32193
1456,3.32193
1457,3.32193
1458,3.12193
1459,3.12193
1460,3.32193
1461,3.12193
1462,2.84644
1463,3.32193
1464,3.12193
1465,3.12193
1466,3.32193
1467,3.32193
1468,3.32193
1469,3.32193
1470,3.12193
1471,3.12193
1472,3.32193
1473,3.12193
1474,2.84644
1475,3.32193
1476,3.12193
1477,3.12193
1478,2.92193
1479,2.84644
1480,3.32193
1481,3.12193
1482,3.12193
1483,3.32193
1484,3.32193
1485,3.32193
1486,3.32193
1487,3.12193
1488,3.12193
1489,2.92193
1490,3.12193
1491,3.32193
1492,3.12193
1493,3.32193
1494,2.72193
1495,3.32193
1496,3.12193
1497,3.32193
1498,3.32193
1499,3.12193
1500,3.32193
1501,3.32193
1502,3.32193
1503,2.84644
1504,2.92193
1505,3.32193
1506,3.12193
1507,3.32193
1508,3.12193
1509,3.32193
1510,3.32193
1511,3.12193
1512,2.92193
1513,3.12193
1514,3.12193
1515,3.12193
1516,3.12193
1517,2.72193
1518,3.32193
1519,2.92193
1520,3.32193
1521,3.32193
1522,3.32193
1523,2.84644
1524,3.32193
1525,2.64644
1526,3.12193
1527,3.12193
1528,3.32193
1529,3.12193
1530,3.32193
1531,3.32193
1532,2.84644
1533,2.84644
1534,2.92193
1535,3.32193
1536,3.32193
1537,3.32193
1538,3.12193
1539,2.92193
1540,3.12193
1541,3.32193
1542,3.32193
1543,3.32193
1544,3.32193
1545,3.32193
1546,3.12193
1547,3.12193
1548,3.32193
1549,3.12193
1550,3.32193
1551,3.32193
1552,3.32193
1553,2.52193
1554,1.96096
1555,3.32193
1556,3.12193
1557,2.84644
1558,2.92193
1559,3.12193
1560,3.12193
1561,3.32193
1562,3.12193
1563,3.12193
1564,3.32193
1565,3.12193
1566,2.92193
1567,3.12193
1568,3.12193
1569,3.32193
1570,3.32193
1571,3.32193
1572,3.32193
1573,2.92193
1574,3.12193
1575,2.92193
1576,2.92193
1577,3.32193
1578,2.84644
1579,3.32193
1580,3.32193
1581,3.32193
1582,3.32193
1583,3.32193
1584,3.32193
1585,3.12193
1586,3.12193
1587,3.32193
1588,3.12193
1589,2.92193
1590,3.12193
1591,3.32193
1592,2.84644
1593,3.32193
1594,2.92193
1595,3.32193
1596,3.12193
1597,3.32193
1598,3.32193
1599,3.12193
1600,3.32193
1601,2.84644
1602,3.32193
1603,3.12193
1604,3.32193
1605,3.12193
1606,3.32193
1607,3.12193
1608,3.32193
1609,3.32193
1610,3.32193
1611,3.32193
1612,3.32193
1613,3.32193
1614,3.32193
1615,3.32193
1616,3.12193
1617,3.12193
1618,2.92193
1619,3.12193
1620,3.32193
1621,3.32193
1622,2.84644
1623,3.12193
1624,3.12193
1625,3.12193
1626,3.32193
1627,3.12193
1628,3.32193
1629,3.32193
1630,3.12193
1631,2.84644
1632,3.12193
1633,2.84644
1634,3.12193
1635,3.32193
1636,3.12193
1637,2.92193
1638,3.32193
1639,3.32193
1640,3.12193
1641,3.12193
1642,3.12193
1643,3.32193
1644,2.84644
1645,3.12193
1646,3.32193
1647,3.12193
1648,3.32193
1649,2.84644
1650,3.32193
1651,3.12193
1652,3.32193
1653,3.32193
1654,3.32193
1655,3.12193
1656,3.12193
1657,3.32193
1658,3.12193
1659,3.12193
1660,3.12193
1661,3.12193
1662,3.12193
1663,3.32193
1664,3.12193
1665,3.32193
1666,3.12193
1667,2.92193
1668,3.32193
1669,3.32193
1670,3.32193
1671,3.32193
1672,3.32193
1673,3.32193
1674,3.12193
1675,3.12193
1676,3.32193
1677,3.12193
1678,2.84644
1679,3.32193
1680,3.32193
1681,3.32193
1682,3.12193
1683,2.84644
1684,2.84644
1685,2.84644
1686,3.12193
1687,3.12193
1688,3.32193
1689,3.12193
1690,3.32193
1691,3.12193
1692,3.12193
1693,2.92193
1694,3.32193
1695,3.32193
1696,2.84644
1697,2.92193
1698,2.84644
1699,3.32193
1700,3.12193
1701,3.12193
1702,2.52193
1703,3.32193
1704,3.32193
1705,3.12193
1706,3.32193
1707,3.32193
1708,3.12193
1709,3.12193
1710,2.92193
1711,3.32193
1712,3.12193
1713,3.12193
1714,3.32193
1715,3.12193
1716,2.84644
1717,3.32193
1718,3.12193
1719,2.92193
1720,2.32193
1721,3.12193
1722,2.92193
1723,2.92193
1724,2.92193
1725,3.32193
1726,3.32193
1727,2.92193
1728,2.92193
1729,3.32193
1730,2.64644
1731,3.12193
1732,2.92193
1733,2.92193
1734,2.64644
1735,3.32193
1736,3.12193
1737,2.52193
1738,3.32193
1739,3.32193
1740,3.32193
1741,3.32193
1742,3.32193
1743,2.92193
1744,2.92193
1745,3.32193
1746,2.64644
1747,2.52193
1748,3.12193
1749,3.32193
1750,2.84644
1751,3.12193
1752,3.32193
1753,3.12193
1754,3.12193
1755,2.92193
1756,3.12193
1757,2.92193
1758,3.32193
1759,3.12193
1760,3.32193
1761,2.84644
1762,3.32193
1763,3.12193
1764,3.32193
1765,2.92193
1766,3.32193
1767,3.32193
1768,2.84644
1769,2.64644
1770,3.32193
1771,3.32193
1772,3.32193
1773,3.12193
1774,3.32193
1775,3.12193
1776,3.32193
1777,3.32193
1778,2.92193
1779,2.92193
1780,3.12193
1781,2.84644
1782,3.12193
1783,3.32193
1784,3.12193
1785,3.12193
1786,3.12193
1787,3.32193
1788,3.32193
1789,3.32193
1790,3.32193
1791,3.32193
1792,3.32193
1793,3.32193
1794,3.12193
1795,3.32193
1796,3.12193
1797,3.12193
1798,3.32193
1799,3.12193
1800,3.12193
1801,3.12193
1802,3.12193
1803,3.12193
1804,2.64644
1805,3.32193
1806,3.32193
1807,3.12193
1808,3.32193
1809,3.12193
1810,3.12193
1811,2.92193
1812,2.92193
1813,3.12193
1814,3.12193
1815,3.12193
1816,3.32193
1817,3.32193
1818,3.32193
1819,3.32193
1820,3.12193
1821,3.32193
1822,2.84644
1823,3.12193
1824,3.12193
1825,3.12193
1826,3.32193
1827,3.12193
1828,3.32193
1829,2.84644
1830,3.12193
1831,3.32193
1832,3.32193
1833,3.32193
1834,2.92193
1835,3.32193
1836,3.12193
1837,3.32193
1838,3.32193
1839,2.92193
1840,3.32193
1841,3.12193
1842,3.32193
1843,3.32193
1844,3.32193
1845,3.12193
1846,3.12193
1847,3.12193
1848,3.12193
1849,3.32193
1850,3.12193
1851,3.32193
1852,2.92193
1853,3.12193
1854,3.12193
1855,3.12193
1856,3.32193
1857,3.12193
1858,3.32193
1859,3.12193
1860,3.32193
1861,2.64644
1862,2.84644
1863,3.12193
1864,3.12193
1865,3.32193
1866,3.32193
1867,3.12193
1868,3.12193
1869,3.32193
1870,3.12193
1871,3.12193
1872,3.32193
1873,3.12193
1874,3.32193
1875,3.32193
1876,3.32193
1877,3.12193
1878,3.12193
1879,3.12193
1880,3.32193
1881,3.32193
1882,3.12193
1883,2.52193
1884,2.84644
1885,3.32193
1886,3.12193
1887,3.12193
1888,3.12193
1889,2.84644
1890,3.32193
1891,3.32193
1892,2.84644
1893,3.12193
1894,3.12193
1895,3.32193
1896,3.32193
1897,3.12193
1898,3.12193
1899,3.32193
1900,3.32193
1901,3.32193
1902,3.12193
1903,2.84644
1904,2.84644
1905,3.12193
1906,3.32193
1907,2.92193
1908,2.64644
1909,2.92193
1910,3.12193
1911,2.92193
1912,2.84644
1913,3.12193
1914,3.32193
1915,3.12193
1916,3.32193
1917,3.12193
1918,2.92193
1919,2.92193
1920,3.32193
1921,3.32193
1922,3.12193
1923,3.32193
1924,3.32193
1925,3.32193
1926,3.32193
1927,3.12193
1928,3.32193
1929,3.32193
1930,3.32193
1931,3.32193
1932,3.32193
1933,3.32193
1934,3.12193
1935,3.32193
1936,3.32193
1937,3.32193
1938,3.32193
1939,3.32193
1940,3.12193
1941,3.32193
1942,2.84644
1943,3.12193
1944,3.12193
1945,3.32193
1946,3.12193
1947,3.12193
1948,2.92193
1949,3.32193
1950,3.32193
1951,2.52193
1952,2.84644
1953,3.32193
1954,2.92193
1955,2.64644
1956,3.12193
1957,3.12193
1958,3.12193
1959,3.32193
1960,3.12193
1961,3.12193
1962,3.32193
1963,3.12193
1964,3.12193
1965,3.12193
1966,3.12193
1967,2.72193
1968,3.12193
1969,3.32193
1970,3.12193
1971,2.92193
1972,2.84644
1973,3.32193
1974,3.12193
1975,3.32193
1976,3.32193
1977,3.32193
1978,2.84644
1979,3.32193
1980,3.32193
1981,3.12193
1982,3.12193
1983,3.32193
1984,2.92193
1985,2.92193
1986,3.32193
1987,3.32193
1988,3.32193
1989,3.12193
1990,3.12193
1991,3.32193
1992,3.32193
1993,2.84644
1994,2.92193
1995,3.12193
1996,3.12193
1997,3.12193
1998,3.12193
1999,3.12193
