0,3.32193
1,3.32193
2,3.12193
3,3.32193
4,3.12193
5,3.32193
6,3.12193
7,3.12193
8,3.32193
9,2.84644
10,3.32193
11,3.12193
12,3.32193
13,3.12193
14,3.12193
15,3.12193
16,3.32193
17,3.32193
18,2.92193
19,3.12193
20,3.32193
21,3.12193
22,2.72193
23,2.84644
24,3.32193
25,3.32193
26,2.64644
27,3.12193
28,3.12193
29,2.84644
30,3.32193
31,3.12193
32,2.92193
33,3.32193
34,2.92193
35,3.32193
36,2.84644
37,3.32193
38,3.12193
39,3.32193
40,3.32193
41,3.12193
42,3.12193
43,3.32193
44,3.32193
45,2.64644
46,2.92193
47,3.12193
48,2.92193
49,3.32193
50,2.92193
51,3.32193
52,2.92193
53,3.32193
54,3.12193
55,3.32193
56,3.32193
57,2.84644
58,3.12193
59,3.32193
60,3.12193
61,3.32193
62,3.12193
63,3.12193
64,3.12193
65,3.12193
66,3.12193
67,3.12193
68,3.12193
69,2.72193
70,3.12193
71,3.12193
72,3.32193
73,3.12193
74,3.32193
75,3.12193
76,3.12193
77,2.92193
78,2.84644
79,3.32193
80,3.12193
81,2.84644
82,3.32193
83,2.92193
84,3.12193
85,3.12193
86,3.32193
87,3.12193
88,2.84644
89,3.32193
90,3.12193
91,3.32193
92,3.12193
93,3.32193
94,3.32193
95,3.32193
96,3.12193
97,2.84644
98,3.12193
99,3.32193
100,3.12193
101,3.32193
102,3.32193
103,3.32193
104,3.12193
105,3.32193
106,3.12193
107,3.32193
108,3.12193
109,3.32193
110,3.32193
111,3.12193
112,3.12193
113,3.12193
114,3.32193
115,3.32193
116,3.12193
117,3.32193
118,3.32193
119,2.92193
120,3.12193
121,3.12193
122,3.32193
123,3.12193
124,3.32193
125,3.32193
126,3.32193
127,2.92193
128,2.92193
129,3.32193
130,3.32193
131,3.32193
132,3.32193
133,3.32193
134,3.32193
135,3.12193
136,3.12193
137,3.12193
138,3.32193
139,3.32193
140,3.32193
141,3.12193
142,3.32193
143,3.12193
144,2.37095
145,2.84644
146,2.52193
147,3.32193
148,3.12193
149,3.32193
150,3.32193
151,3.32193
152,2.64644
153,2.84644
154,3.12193
155,3.12193
156,3.32193
157,3.12193
158,3.32193
159,3.12193
160,3.32193
161,2.84644
162,3.32193
163,3.12193
164,3.32193
165,3.32193
166,3.32193
167,3.32193
168,3.32193
169,3.12193
170,3.12193
171,3.32193
172,3.12193
173,3.12193
174,3.12193
175,3.12193
176,3.32193
177,3.32193
178,2.84644
179,2.84644
180,3.12193
181,3.32193
182,3.12193
183,3.32193
184,2.64644
185,2.72193
186,3.12193
187,2.92193
188,3.12193
189,3.12193
190,3.32193
191,2.92193
192,2.84644
193,3.12193
194,3.32193
195,3.12193
196,2.84644
197,3.12193
198,3.12193
199,3.32193
200,3.12193
201,3.12193
202,2.64644
203,2.84644
204,2.52193
205,3.12193
206,3.12193
207,3.12193
208,3.32193
209,3.32193
210,2.92193
211,3.12193
212,3.12193
213,3.12193
214,2.84644
215,2.92193
216,3.32193
217,3.32193
218,3.32193
219,3.12193
220,3.32193
221,3.12193
222,3.32193
223,3.32193
224,3.32193
225,3.12193
226,2.92193
227,3.12193
228,3.12193
229,3.12193
230,3.32193
231,3.32193
232,3.12193
233,3.32193
234,3.32193
235,2.84644
236,3.32193
237,3.12193
238,3.32193
239,3.12193
240,3.32193
241,2.84644
242,3.12193
243,3.12193
244,2.64644
245,3.32193
246,3.12193
247,3.32193
248,3.32193
249,2.64644
250,2.64644
251,3.12193
252,3.12193
253,3.32193
254,3.12193
255,3.12193
256,2.84644
257,3.32193
258,2.84644
259,2.92193
260,3.12193
261,2.52193
262,2.72193
263,3.12193
264,3.12193
265,2.84644
266,2.92193
267,2.92193
268,3.12193
269,3.32193
270,2.92193
271,3.12193
272,3.12193
273,3.12193
274,3.32193
275,2.92193
276,2.92193
277,2.84644
278,3.32193
279,3.32193
280,3.32193
281,3.12193
282,3.32193
283,3.32193
284,3.32193
285,3.12193
286,3.32193
287,3.32193
288,3.32193
289,3.32193
290,3.32193
291,3.12193
292,3.32193
293,3.32193
294,3.12193
295,2.64644
296,2.84644
297,3.12193
298,2.84644
299,3.12193
300,2.92193
301,2.92193
302,2.92193
303,3.32193
304,3.12193
305,3.32193
306,3.12193
307,2.92193
308,3.32193
309,3.32193
310,2.84644
311,3.32193
312,2.92193
313,3.12193
314,3.12193
315,3.32193
316,3.32193
317,3.32193
318,3.32193
319,2.92193
320,2.92193
321,3.32193
322,2.92193
323,3.32193
324,3.12193
325,2.32193
326,2.84644
327,3.12193
328,3.12193
329,3.12193
330,3.32193
331,3.32193
332,3.12193
333,3.12193
334,2.32193
335,3.12193
336,3.32193
337,3.12193
338,3.12193
339,3.12193
340,2.92193
341,3.12193
342,3.12193
343,3.32193
344,3.32193
345,3.32193
346,3.12193
347,2.64644
348,2.92193
349,3.12193
350,3.32193
351,3.32193
352,3.12193
353,3.12193
354,3.32193
355,3.12193
356,3.12193
357,3.32193
358,3.12193
359,3.12193
360,3.32193
361,2.92193
362,3.12193
363,3.12193
364,3.32193
365,3.32193
366,2.84644
367,3.12193
368,3.32193
369,2.84644
370,2.84644
371,2.84644
372,3.12193
373,3.12193
374,3.32193
375,3.32193
376,3.12193
377,2.92193
378,3.12193
379,3.32193
380,3.32193
381,3.32193
382,2.92193
383,3.12193
384,3.12193
385,3.32193
386,3.32193
387,3.12193
388,3.12193
389,3.32193
390,3.32193
391,3.12193
392,3.32193
393,3.32193
394,2.72193
395,3.12193
396,3.32193
397,3.32193
398,3.32193
399,3.32193
400,3.32193
401,3.32193
402,3.12193
403,3.12193
404,3.12193
405,3.32193
406,3.32193
407,2.84644
408,3.12193
409,3.32193
410,3.32193
411,2.92193
412,3.12193
413,2.92193
414,3.32193
415,2.64644
416,3.12193
417,2.72193
418,3.32193
419,3.12193
420,3.12193
421,3.32193
422,2.84644
423,3.32193
424,3.32193
425,3.32193
426,3.32193
427,3.32193
428,3.12193
429,3.12193
430,3.32193
431,3.12193
432,3.32193
433,3.12193
434,3.32193
435,3.12193
436,3.12193
437,3.32193
438,3.12193
439,3.12193
440,3.32193
441,3.12193
442,3.12193
443,3.32193
444,2.64644
445,3.12193
446,3.32193
447,3.12193
448,3.32193
449,2.64644
450,3.32193
451,3.32193
452,3.32193
453,3.32193
454,3.32193
455,2.92193
456,3.32193
457,3.32193
458,3.32193
459,3.12193
460,3.32193
461,3.32193
462,3.12193
463,3.12193
464,3.12193
465,3.32193
466,3.32193
467,2.84644
468,3.32193
469,3.12193
470,3.12193
471,3.12193
472,3.32193
473,2.92193
474,2.84644
475,3.32193
476,3.12193
477,3.32193
478,3.12193
479,3.12193
480,3.32193
481,3.12193
482,3.32193
483,3.12193
484,3.12193
485,3.32193
486,3.32193
487,3.32193
488,3.12193
489,3.32193
490,3.32193
491,3.32193
492,3.12193
493,3.12193
494,3.12193
495,3.12193
496,3.12193
497,3.12193
498,3.12193
499,3.32193
500,3.12193
501,3.32193
502,2.64644
503,3.12193
504,2.92193
505,3.12193
506,3.12193
507,3.32193
508,3.32193
509,2.92193
510,3.32193
511,3.32193
512,3.32193
513,3.12193
514,3.32193
515,3.32193
516,2.92193
517,3.32193
518,3.32193
519,2.92193
520,3.12193
521,3.12193
522,3.32193
523,3.32193
524,3.32193
525,3.12193
526,3.32193
527,3.32193
528,3.32193
529,2.92193
530,3.32193
531,3.12193
532,3.32193
533,2.92193
534,3.32193
535,3.32193
536,3.12193
537,3.32193
538,3.32193
539,3.32193
540,3.32193
541,3.32193
542,3.12193
543,3.32193
544,3.32193
545,3.32193
546,3.12193
547,3.12193
548,3.12193
549,3.32193
550,3.32193
551,2.64644
552,3.32193
553,3.12193
554,3.12193
555,3.12193
556,3.12193
557,3.12193
558,2.84644
559,2.92193
560,2.92193
561,3.12193
562,3.12193
563,2.92193
564,3.12193
565,3.32193
566,3.32193
567,3.12193
568,3.12193
569,3.32193
570,3.12193
571,3.12193
572,2.84644
573,3.32193
574,2.84644
575,2.64644
576,3.12193
577,2.64644
578,3.12193
579,3.12193
580,3.32193
581,3.12193
582,2.84644
583,3.32193
584,3.32193
585,2.64644
586,2.84644
587,2.92193
588,2.92193
589,3.12193
590,3.32193
591,3.32193
592,3.32193
593,2.92193
594,3.32193
595,3.12193
596,3.32193
597,3.12193
598,3.12193
599,3.12193
600,3.32193
601,2.64644
602,3.12193
603,3.12193
604,3.12193
605,3.12193
606,2.92193
607,2.92193
608,3.12193
609,2.92193
610,2.84644
611,3.32193
612,2.92193
613,3.12193
614,3.12193
615,3.12193
616,2.92193
617,3.32193
618,3.32193
619,3.12193
620,2.92193
621,3.12193
622,3.32193
623,3.12193
624,3.12193
625,2.92193
626,3.12193
627,3.12193
628,3.12193
629,3.12193
630,3.32193
631,3.32193
632,2.92193
633,3.12193
634,3.32193
635,3.32193
636,3.32193
637,3.32193
638,3.12193
639,3.12193
640,3.32193
641,3.32193
642,3.12193
643,3.12193
644,3.12193
645,3.12193
646,3.12193
647,2.92193
648,3.32193
649,3.32193
650,3.12193
651,2.84644
652,3.32193
653,3.32193
654,2.92193
655,3.12193
656,2.64644
657,3.12193
658,3.12193
659,3.32193
660,3.12193
661,3.32193
662,3.12193
663,3.32193
664,3.12193
665,3.32193
666,3.12193
667,3.12193
668,3.32193
669,3.32193
670,3.32193
671,3.32193
672,3.32193
673,3.12193
674,2.92193
675,3.32193
676,3.32193
677,3.12193
678,2.92193
679,3.12193
680,3.12193
681,3.32193
682,3.12193
683,3.32193
684,2.84644
685,3.12193
686,3.12193
687,2.92193
688,3.12193
689,3.12193
690,3.32193
691,3.32193
692,3.12193
693,3.12193
694,3.32193
695,3.32193
696,3.32193
697,3.32193
698,3.12193
699,3.32193
700,3.32193
701,3.12193
702,3.32193
703,3.12193
704,2.92193
705,3.32193
706,3.12193
707,3.12193
708,3.12193
709,3.32193
710,3.12193
711,3.32193
712,3.12193
713,3.12193
714,3.32193
715,3.32193
716,3.32193
717,3.32193
718,3.32193
719,3.32193
720,3.32193
721,3.12193
722,3.12193
723,3.12193
724,3.12193
725,3.12193
726,2.72193
727,3.12193
728,3.32193
729,2.84644
730,3.32193
731,3.12193
732,3.12193
733,3.32193
734,3.32193
735,3.32193
736,3.32193
737,3.32193
738,3.12193
739,3.12193
740,3.32193
741,3.32193
742,3.32193
743,3.32193
744,2.84644
745,3.32193
746,3.32193
747,3.12193
748,3.32193
749,3.12193
750,3.12193
751,3.12193
752,3.12193
753,3.32193
754,3.12193
755,2.92193
756,3.32193
757,3.32193
758,3.12193
759,3.32193
760,2.84644
761,3.12193
762,2.92193
763,2.64644
764,2.52193
765,3.32193
766,3.12193
767,3.32193
768,3.32193
769,2.64644
770,3.32193
771,2.92193
772,2.84644
773,3.12193
774,3.12193
775,3.32193
776,3.12193
777,3.32193
778,3.12193
779,3.32193
780,3.12193
781,3.32193
782,2.84644
783,3.32193
784,3.12193
785,3.12193
786,3.12193
787,2.92193
788,2.92193
789,2.84644
790,3.32193
791,3.32193
792,3.32193
793,2.92193
794,2.64644
795,3.12193
796,3.12193
797,3.32193
798,2.92193
799,3.32193
800,3.32193
801,3.32193
802,3.12193
803,3.12193
804,3.12193
805,3.12193
806,3.12193
807,3.32193
808,3.12193
809,3.32193
810,2.84644
811,3.32193
812,3.32193
813,2.84644
814,3.32193
815,3.12193
816,2.72193
817,3.32193
818,3.12193
819,2.84644
820,3.32193
821,3.32193
822,3.32193
823,3.32193
824,3.32193
825,3.12193
826,3.32193
827,3.32193
828,3.12193
829,3.12193
830,3.32193
831,3.12193
832,3.32193
833,3.32193
834,3.12193
835,3.12193
836,3.12193
837,2.52193
838,2.64644
839,3.12193
840,3.12193
841,3.32193
842,3.32193
843,3.32193
844,2.44644
845,3.12193
846,3.32193
847,3.32193
848,3.32193
849,3.32193
850,3.32193
851,3.32193
852,3.12193
853,3.12193
854,3.32193
855,3.12193
856,3.12193
857,3.12193
858,3.32193
859,3.12193
860,3.32193
861,2.64644
862,3.32193
863,3.32193
864,3.32193
865,3.12193
866,3.32193
867,3.32193
868,3.12193
869,3.32193
870,3.32193
871,3.32193
872,3.32193
873,3.32193
874,2.92193
875,3.12193
876,2.92193
877,2.52193
878,3.32193
879,3.32193
880,3.12193
881,3.32193
882,3.32193
883,2.84644
884,3.12193
885,2.64644
886,3.32193
887,3.12193
888,3.32193
889,3.12193
890,3.32193
891,3.32193
892,2.92193
893,3.32193
894,2.92193
895,2.84644
896,3.12193
897,3.32193
898,3.32193
899,2.52193
900,3.32193
901,2.84644
902,3.32193
903,2.92193
904,3.32193
905,2.92193
906,3.12193
907,2.92193
908,3.12193
909,2.92193
910,2.52193
911,3.12193
912,3.32193
913,3.32193
914,3.32193
915,2.92193
916,2.92193
917,3.12193
918,3.32193
919,3.32193
920,3.32193
921,3.32193
922,3.12193
923,3.32193
924,3.12193
925,3.32193
926,3.32193
927,3.32193
928,3.12193
929,3.12193
930,3.12193
931,3.12193
932,3.12193
933,3.32193
934,3.32193
935,3.12193
936,2.92193
937,3.32193
938,2.92193
939,3.12193
940,3.12193
941,2.92193
942,3.32193
943,3.32193
944,2.37095
945,3.12193
946,3.12193
947,3.32193
948,3.12193
949,3.12193
950,2.72193
951,3.32193
952,2.92193
953,3.32193
954,3.12193
955,3.12193
956,3.12193
957,3.12193
958,2.92193
959,3.32193
960,2.92193
961,3.12193
962,2.92193
963,3.12193
964,3.32193
965,3.12193
966,2.92193
967,3.12193
968,3.12193
969,3.12193
970,3.32193
971,3.32193
972,3.12193
973,3.32193
974,3.12193
975,2.92193
976,3.12193
977,3.32193
978,3.12193
979,2.92193
980,2.84644
981,2.92193
982,2.84644
983,3.12193
984,3.12193
985,3.12193
986,3.32193
987,3.32193
988,3.12193
989,3.12193
990,3.12193
991,3.32193
992,2.92193
993,3.32193
994,3.12193
995,3.32193
996,2.84644
997,3.32193
998,2.92193
999,2.92193
1000,2.64644
1001,2.92193
1002,2.92193
1003,3.12193
1004,3.32193
1005,3.32193
1006,3.32193
1007,2.92193
1008,3.32193
1009,3.12193
1010,3.32193
1011,3.32193
1012,3.32193
1013,3.12193
1014,3.12193
1015,3.12193
1016,3.32193
1017,3.32193
1018,3.12193
1019,3.12193
1020,3.32193
1021,3.32193
1022,3.32193
1023,2.84644
1024,3.32193
1025,3.32193
1026,3.12193
1027,2.92193
1028,3.12193
1029,3.12193
1030,3.12193
1031,2.92193
1032,3.32193
1033,2.92193
1034,2.84644
1035,3.32193
1036,2.64644
1037,3.12193
1038,3.32193
1039,3.12193
1040,3.12193
1041,3.32193
1042,3.32193
1043,3.32193
1044,3.32193
1045,2.84644
1046,3.12193
1047,3.12193
1048,3.12193
1049,3.12193
1050,3.32193
1051,2.92193
1052,3.32193
1053,3.32193
1054,3.12193
1055,3.12193
1056,3.32193
1057,3.32193
1058,3.32193
1059,2.92193
1060,3.12193
1061,2.92193
1062,3.32193
1063,3.12193
1064,3.32193
1065,3.32193
1066,2.84644
1067,3.12193
1068,3.12193
1069,2.84644
1070,2.92193
1071,3.12193
1072,3.12193
1073,3.12193
1074,2.72193
1075,3.32193
1076,3.32193
1077,2.84644
1078,2.92193
1079,3.12193
1080,3.32193
1081,3.32193
1082,3.12193
1083,3.12193
1084,3.32193
1085,3.32193
1086,2.92193
1087,3.32193
1088,3.12193
1089,3.12193
1090,3.32193
1091,3.12193
1092,2.84644
1093,3.32193
1094,3.32193
1095,3.32193
1096,3.32193
1097,3.12193
1098,3.12193
1099,3.32193
1100,3.32193
1101,2.84644
1102,2.92193
1103,3.32193
1104,3.32193
1105,3.32193
1106,3.32193
1107,3.32193
1108,3.12193
1109,3.12193
1110,2.92193
1111,3.32193
1112,2.84644
1113,2.92193
1114,3.12193
1115,3.32193
1116,3.12193
1117,3.32193
1118,3.32193
1119,3.32193
1120,3.12193
1121,3.12193
1122,3.32193
1123,3.32193
1124,3.12193
1125,3.32193
1126,3.32193
1127,3.12193
1128,3.32193
1129,3.32193
1130,3.32193
1131,3.32193
1132,2.92193
1133,3.32193
1134,3.32193
1135,3.32193
1136,3.12193
1137,3.32193
1138,3.32193
1139,2.92193
1140,3.32193
1141,3.32193
1142,3.12193
1143,3.32193
1144,3.12193
1145,3.32193
1146,2.92193
1147,3.12193
1148,3.32193
1149,3.32193
1150,3.32193
1151,3.32193
1152,3.32193
1153,3.32193
1154,2.84644
1155,2.92193
1156,3.12193
1157,3.12193
1158,3.32193
1159,3.32193
1160,3.32193
1161,2.84644
1162,2.92193
1163,3.12193
1164,3.32193
1165,2.92193
1166,3.32193
1167,3.32193
1168,3.12193
1169,3.12193
1170,3.12193
1171,3.12193
1172,3.12193
1173,3.32193
1174,3.12193
1175,3.12193
1176,2.84644
1177,2.92193
1178,3.12193
1179,2.92193
1180,3.32193
1181,2.84644
1182,3.32193
1183,3.12193
1184,2.92193
1185,3.12193
1186,3.12193
1187,3.32193
1188,3.32193
1189,2.84644
1190,3.12193
1191,3.32193
1192,3.32193
1193,2.64644
1194,3.12193
1195,3.32193
1196,2.64644
1197,3.12193
1198,2.92193
1199,3.12193
1200,3.12193
1201,3.12193
1202,3.32193
1203,2.84644
1204,2.92193
1205,2.84644
1206,2.84644
1207,3.12193
1208,3.12193
1209,3.12193
1210,3.12193
1211,2.92193
1212,3.32193
1213,3.32193
1214,3.32193
1215,3.12193
1216,3.32193
1217,2.92193
1218,3.12193
1219,3.32193
1220,2.84644
1221,3.32193
1222,2.92193
1223,3.32193
1224,3.32193
1225,3.12193
1226,3.32193
1227,3.32193
1228,3.12193
1229,3.32193
1230,3.12193
1231,3.32193
1232,3.12193
1233,3.32193
1234,3.12193
1235,3.12193
1236,3.12193
1237,3.32193
1238,3.12193
1239,3.32193
1240,2.92193
1241,3.32193
1242,3.12193
1243,2.92193
1244,3.12193
1245,3.32193
1246,3.32193
1247,3.32193
1248,3.12193
1249,3.12193
1250,3.12193
1251,3.12193
1252,3.32193
1253,3.32193
1254,3.32193
1255,2.92193
1256,3.32193
1257,3.32193
1258,3.12193
1259,3.32193
1260,3.32193
1261,3.32193
1262,3.12193
1263,2.84644
1264,3.12193
1265,3.32193
1266,3.32193
1267,2.52193
1268,2.92193
1269,3.12193
1270,3.12193
1271,3.32193
1272,2.32193
1273,2.64644
1274,3.12193
1275,3.12193
1276,3.32193
1277,2.92193
1278,2.92193
1279,2.92193
1280,3.12193
1281,3.12193
1282,3.12193
1283,2.92193
1284,3.32193
1285,3.32193
1286,3.12193
1287,3.12193
1288,3.32193
1289,3.12193
1290,3.12193
1291,2.92193
1292,3.32193
1293,3.32193
1294,2.52193
1295,3.12193
1296,3.32193
1297,2.92193
1298,3.12193
1299,3.12193
1300,3.12193
1301,2.84644
1302,3.12193
1303,3.12193
1304,2.92193
1305,3.32193
1306,3.32193
1307,3.32193
1308,3.12193
1309,3.32193
1310,3.32193
1311,3.32193
1312,3.12193
1313,3.32193
1314,3.32193
1315,3.32193
1316,2.84644
1317,3.32193
1318,3.12193
1319,3.12193
1320,2.64644
1321,3.12193
1322,2.84644
1323,3.32193
1324,2.92193
1325,3.32193
1326,3.32193
1327,3.32193
1328,3.32193
1329,3.12193
1330,3.12193
1331,3.12193
1332,3.12193
1333,3.12193
1334,3.32193
1335,3.32193
1336,3.32193
1337,3.32193
1338,3.12193
1339,3.32193
1340,3.32193
1341,3.32193
1342,3.32193
1343,2.92193
1344,3.32193
1345,2.92193
1346,3.12193
1347,3.32193
1348,3.32193
1349,3.32193
1350,3.12193
1351,3.12193
1352,3.32193
1353,3.32193
1354,3.12193
1355,3.32193
1356,3.32193
1357,3.32193
1358,3.32193
1359,3.12193
1360,3.12193
1361,2.92193
1362,3.32193
1363,3.32193
1364,3.32193
1365,3.32193
1366,3.32193
1367,2.92193
1368,2.92193
1369,3.32193
1370,3.32193
1371,3.12193
1372,2.92193
1373,3.12193
1374,3.12193
1375,3.12193
1376,3.12193
1377,3.32193
1378,2.84644
1379,2.84644
1380,2.92193
1381,3.32193
1382,3.12193
1383,3.32193
1384,3.32193
1385,3.12193
1386,2.44644
1387,3.32193
1388,3.32193
1389,3.12193
1390,3.12193
1391,3.12193
1392,3.32193
1393,3.12193
1394,3.12193
1395,2.84644
1396,3.32193
1397,3.12193
1398,3.12193
1399,3.12193
1400,3.32193
1401,3.32193
1402,3.12193
1403,2.84644
1404,3.12193
1405,3.12193
1406,3.12193
1407,3.32193
1408,3.12193
1409,3.32193
1410,3.12193
1411,3.32193
1412,3.32193
1413,3.12193
1414,3.12193
1415,3.32193
1416,3.12193
1417,3.12193
1418,3.32193
1419,3.12193
1420,3.32193
1421,3.12193
1422,3.12193
1423,3.12193
1424,3.32193
1425,3.32193
1426,3.32193
1427,3.12193
1428,2.72193
1429,3.12193
1430,2.84644
1431,3.32193
1432,3.12193
1433,3.12193
1434,3.32193
1435,3.12193
1436,3.32193
1437,3.12193
1438,3.32193
1439,2.84644
1440,3.32193
1441,3.32193
1442,3.12193
1443,2.64644
1444,2.52193
1445,3.12193
1446,3.32193
1447,3.12193
1448,3.32193
1449,3.12193
1450,3.12193
1451,3.12193
1452,3.12193
1453,3.32193
1454,3.12193
1455,3.32193
1456,3.32193
1457,3.32193
1458,3.12193
1459,3.12193
1460,3.12193
1461,3.12193
1462,3.12193
1463,3.32193
1464,3.32193
1465,3.12193
1466,3.12193
1467,3.32193
1468,3.32193
1469,2.84644
1470,3.12193
1471,3.12193
1472,3.12193
1473,3.12193
1474,3.12193
1475,3.32193
1476,3.32193
1477,3.12193
1478,3.12193
1479,3.32193
1480,2.84644
1481,3.12193
1482,3.32193
1483,2.92193
1484,3.12193
1485,3.32193
1486,3.12193
1487,3.32193
1488,3.32193
1489,3.32193
1490,3.12193
1491,3.12193
1492,3.12193
1493,3.32193
1494,2.92193
1495,2.84644
1496,3.12193
1497,3.12193
1498,3.32193
1499,3.32193
1500,3.32193
1501,3.12193
1502,2.84644
1503,3.32193
1504,3.32193
1505,3.32193
1506,3.12193
1507,2.92193
1508,2.84644
1509,3.32193
1510,3.12193
1511,3.32193
1512,3.32193
1513,3.32193
1514,3.12193
1515,3.32193
1516,3.12193
1517,3.32193
1518,3.32193
1519,3.32193
1520,3.12193
1521,3.32193
1522,2.84644
1523,2.72193
1524,2.92193
1525,3.32193
1526,3.12193
1527,3.32193
1528,2.92193
1529,3.12193
1530,3.12193
1531,2.92193
1532,3.12193
1533,3.32193
1534,3.32193
1535,2.92193
1536,3.12193
1537,2.92193
1538,3.32193
1539,3.12193
1540,2.84644
1541,3.32193
1542,3.32193
1543,3.32193
1544,3.32193
1545,3.32193
1546,3.32193
1547,3.12193
1548,3.12193
1549,3.32193
1550,3.32193
1551,2.52193
1552,3.12193
1553,3.12193
1554,3.12193
1555,3.12193
1556,3.32193
1557,3.12193
1558,3.32193
1559,3.32193
1560,3.32193
1561,2.92193
1562,3.12193
1563,3.32193
1564,3.32193
1565,2.92193
1566,3.32193
1567,3.32193
1568,3.12193
1569,3.32193
1570,3.12193
1571,3.32193
1572,3.32193
1573,3.12193
1574,3.12193
1575,3.32193
1576,3.12193
1577,3.12193
1578,3.32193
1579,3.32193
1580,3.12193
1581,3.12193
1582,3.32193
1583,3.32193
1584,2.64644
1585,3.32193
1586,2.92193
1587,3.32193
1588,2.52193
1589,3.12193
1590,3.32193
1591,3.12193
1592,3.12193
1593,3.32193
1594,2.92193
1595,2.92193
1596,3.12193
1597,2.84644
1598,2.92193
1599,3.32193
1600,3.12193
1601,3.32193
1602,3.32193
1603,3.12193
1604,3.12193
1605,3.32193
1606,3.12193
1607,3.32193
1608,2.92193
1609,3.32193
1610,3.32193
1611,3.12193
1612,3.32193
1613,2.84644
1614,3.32193
1615,3.32193
1616,3.12193
1617,3.32193
1618,3.32193
1619,3.32193
1620,3.32193
1621,3.32193
1622,3.32193
1623,3.12193
1624,2.32193
1625,3.32193
1626,3.12193
1627,3.32193
1628,3.32193
1629,3.12193
1630,3.32193
1631,3.12193
1632,2.64644
1633,3.12193
1634,3.12193
1635,2.92193
1636,3.32193
1637,3.32193
1638,3.32193
1639,3.12193
1640,3.32193
1641,3.12193
1642,2.92193
1643,3.32193
1644,3.12193
1645,2.84644
1646,2.92193
1647,3.12193
1648,3.32193
1649,3.32193
1650,3.12193
1651,3.32193
1652,2.92193
1653,3.32193
1654,2.64644
1655,2.92193
1656,3.32193
1657,3.32193
1658,3.32193
1659,3.32193
1660,3.12193
1661,3.12193
1662,3.32193
1663,3.32193
1664,3.32193
1665,3.32193
1666,3.32193
1667,3.12193
1668,3.32193
1669,2.92193
1670,2.64644
1671,3.12193
1672,3.12193
1673,2.92193
1674,3.12193
1675,3.12193
1676,2.92193
1677,2.84644
1678,3.32193
1679,2.84644
1680,3.32193
1681,3.12193
1682,2.92193
1683,3.32193
1684,3.32193
1685,3.32193
1686,3.12193
1687,3.32193
1688,3.32193
1689,3.12193
1690,3.32193
1691,3.12193
1692,2.16096
1693,2.92193
1694,3.12193
1695,3.32193
1696,3.12193
1697,3.12193
1698,3.32193
1699,3.32193
1700,3.32193
1701,2.72193
1702,3.32193
1703,3.12193
1704,3.32193
1705,3.32193
1706,3.12193
1707,3.32193
1708,3.32193
1709,2.92193
1710,3.12193
1711,3.12193
1712,3.12193
1713,3.12193
1714,3.32193
1715,3.12193
1716,3.32193
1717,3.32193
1718,3.32193
1719,3.32193
1720,3.12193
1721,3.12193
1722,3.12193
1723,3.12193
1724,2.92193
1725,2.92193
1726,3.12193
1727,3.32193
1728,3.12193
1729,3.32193
1730,3.12193
1731,3.12193
1732,3.32193
1733,2.92193
1734,3.12193
1735,3.32193
1736,2.84644
1737,3.12193
1738,3.32193
1739,3.12193
1740,3.12193
1741,3.12193
1742,3.12193
1743,3.12193
1744,3.12193
1745,2.92193
1746,3.12193
1747,3.12193
1748,2.92193
1749,3.12193
1750,3.32193
1751,3.32193
1752,3.32193
1753,2.72193
1754,3.32193
1755,3.12193
1756,3.32193
1757,3.32193
1758,3.12193
1759,3.12193
1760,2.92193
1761,3.32193
1762,2.92193
1763,3.32193
1764,3.32193
1765,3.32193
1766,3.32193
1767,3.12193
1768,2.92193
1769,3.12193
1770,3.32193
1771,3.32193
1772,3.12193
1773,3.12193
1774,3.12193
1775,2.92193
1776,2.92193
1777,3.12193
1778,3.32193
1779,3.32193
1780,2.92193
1781,3.32193
1782,3.32193
1783,3.32193
1784,3.12193
1785,3.32193
1786,3.32193
1787,3.32193
1788,3.32193
1789,3.12193
1790,3.32193
1791,3.12193
1792,3.32193
1793,3.12193
1794,3.12193
1795,3.12193
1796,3.32193
1797,3.12193
1798,3.12193
1799,3.12193
1800,3.12193
1801,3.12193
1802,3.32193
1803,3.12193
1804,3.12193
1805,3.12193
1806,3.32193
1807,2.92193
1808,2.84644
1809,3.32193
1810,3.12193
1811,3.32193
1812,3.32193
1813,3.32193
1814,3.32193
1815,3.12193
1816,3.12193
1817,2.84644
1818,3.12193
1819,3.32193
1820,3.32193
1821,3.12193
1822,3.12193
1823,2.84644
1824,2.64644
1825,2.84644
1826,3.32193
1827,3.12193
1828,3.32193
1829,3.32193
1830,2.64644
1831,3.12193
1832,3.32193
1833,3.12193
1834,3.32193
1835,3.32193
1836,3.12193
1837,3.32193
1838,3.12193
1839,3.32193
1840,2.84644
1841,3.32193
1842,3.32193
1843,3.32193
1844,3.32193
1845,3.12193
1846,2.92193
1847,3.12193
1848,2.92193
1849,3.32193
1850,3.12193
1851,3.32193
1852,3.32193
1853,3.32193
1854,3.12193
1855,3.32193
1856,3.12193
1857,3.32193
1858,3.32193
1859,3.32193
1860,3.32193
1861,3.12193
1862,2.84644
1863,2.64644
1864,3.12193
1865,2.92193
1866,2.92193
1867,3.32193
1868,3.12193
1869,3.32193
1870,3.32193
1871,3.12193
1872,3.12193
1873,2.92193
1874,3.32193
1875,3.32193
1876,3.32193
1877,3.12193
1878,3.32193
1879,3.12193
1880,3.32193
1881,3.12193
1882,3.32193
1883,3.32193
1884,2.64644
1885,3.32193
1886,3.12193
1887,3.32193
1888,3.32193
1889,3.32193
1890,3.32193
1891,3.12193
1892,3.12193
1893,3.12193
1894,3.12193
1895,3.32193
1896,3.12193
1897,2.84644
1898,3.12193
1899,3.12193
1900,3.32193
1901,3.12193
1902,3.12193
1903,3.32193
1904,3.32193
1905,3.32193
1906,2.84644
1907,3.12193
1908,3.12193
1909,3.32193
1910,3.12193
1911,3.12193
1912,3.12193
1913,3.32193
1914,3.32193
1915,3.12193
1916,3.32193
1917,2.92193
1918,3.12193
1919,3.12193
1920,2.92193
1921,3.32193
1922,2.92193
1923,2.84644
1924,2.64644
1925,2.64644
1926,2.84644
1927,3.32193
1928,3.32193
1929,3.12193
1930,3.32193
1931,2.84644
1932,3.32193
1933,2.92193
1934,3.12193
1935,2.84644
1936,3.12193
1937,3.32193
1938,3.12193
1939,3.12193
1940,3.12193
1941,2.72193
1942,3.12193
1943,3.32193
1944,3.32193
1945,3.32193
1946,3.12193
1947,3.12193
1948,3.32193
1949,3.32193
1950,3.12193
1951,3.12193
1952,3.32193
1953,3.12193
1954,3.32193
1955,3.12193
1956,2.84644
1957,3.32193
1958,2.84644
1959,3.12193
1960,3.12193
1961,2.32193
1962,2.92193
1963,3.32193
1964,3.32193
1965,3.12193
1966,2.92193
1967,3.12193
1968,2.64644
1969,3.12193
1970,3.32193
1971,3.12193
1972,3.12193
1973,3.12193
1974,3.32193
1975,3.32193
1976,2.92193
1977,2.92193
1978,3.32193
1979,3.12193
1980,3.12193
1981,3.32193
1982,3.12193
1983,3.12193
1984,3.32193
1985,3.32193
1986,2.84644
1987,3.12193
1988,3.12193
1989,3.12193
1990,3.32193
1991,3.32193
1992,3.32193
1993,3.32193
1994,3.32193
1995,3.32193
1996,3.12193
1997,2.92193
1998,3.32193
1999,3.32193
