0,3.32193
1,2.92193
2,2.52193
3,3.12193
4,3.32193
5,3.12193
6,3.32193
7,3.12193
8,2.84644
9,3.32193
10,3.12193
11,2.92193
12,3.32193
13,3.32193
14,3.32193
15,3.12193
16,3.12193
17,3.32193
18,3.32193
19,3.32193
20,3.12193
21,2.92193
22,3.12193
23,3.32193
24,3.12193
25,3.32193
26,3.32193
27,3.32193
28,2.92193
29,3.12193
30,2.92193
31,3.32193
32,3.12193
33,2.92193
34,3.12193
35,3.12193
36,3.32193
37,3.12193
38,3.12193
39,3.12193
40,3.32193
41,3.32193
42,3.32193
43,3.32193
44,3.32193
45,3.12193
46,3.12193
47,3.12193
48,3.12193
49,3.32193
50,3.32193
51,3.12193
52,3.12193
53,2.92193
54,3.32193
55,3.32193
56,3.12193
57,3.32193
58,3.32193
59,3.32193
60,2.92193
61,3.32193
62,3.12193
63,3.12193
64,2.84644
65,3.32193
66,3.12193
67,2.92193
68,3.12193
69,2.84644
70,3.32193
71,3.12193
72,3.12193
73,3.32193
74,3.12193
75,3.32193
76,3.32193
77,3.32193
78,2.64644
79,3.12193
80,2.92193
81,2.84644
82,3.12193
83,3.32193
84,3.32193
85,2.72193
86,3.32193
87,3.12193
88,3.32193
89,3.32193
90,3.32193
91,3.32193
92,3.12193
93,2.52193
94,3.12193
95,3.12193
96,3.32193
97,3.12193
98,3.32193
99,2.84644
100,3.32193
101,3.12193
102,2.64644
103,2.44644
104,3.12193
105,3.12193
106,3.12193
107,2.92193
108,3.12193
109,3.12193
110,3.12193
111,2.92193
112,3.12193
113,3.32193
114,3.12193
115,3.32193
116,3.32193
117,3.32193
118,3.32193
119,3.32193
120,3.32193
121,2.64644
122,3.32193
123,2.92193
124,2.92193
125,3.32193
126,3.12193
127,3.12193
128,3.12193
129,3.12193
130,3.32193
131,3.32193
132,3.12193
133,3.12193
134,3.12193
135,3.12193
136,2.72193
137,3.12193
138,3.12193
139,3.32193
140,3.32193
141,3.32193
142,3.32193
143,2.16096
144,2.64644
145,3.32193
146,3.32193
147,3.32193
148,3.32193
149,2.92193
150,3.12193
151,3.32193
152,3.12193
153,3.12193
154,3.12193
155,3.12193
156,3.32193
157,2.92193
158,2.92193
159,1.77095
160,2.52193
161,2.92193
162,3.32193
163,3.32193
164,3.12193
165,3.32193
166,3.32193
167,3.12193
168,3.32193
169,3.32193
170,2.92193
171,2.92193
172,2.52193
173,3.32193
174,3.12193
175,3.12193
176,3.12193
177,3.12193
178,2.84644
179,3.32193
180,3.12193
181,3.12193
182,3.12193
183,3.12193
184,3.12193
185,3.32193
186,3.12193
187,3.12193
188,3.32193
189,3.12193
190,2.92193
191,2.84644
192,3.32193
193,3.32193
194,3.12193
195,3.32193
196,3.12193
197,3.12193
198,2.92193
199,3.12193
200,3.12193
201,3.12193
202,3.32193
203,3.12193
204,3.32193
205,3.12193
206,3.12193
207,3.12193
208,3.32193
209,3.12193
210,3.32193
211,3.32193
212,3.12193
213,2.92193
214,3.12193
215,2.92193
216,2.84644
217,3.32193
218,3.12193
219,3.12193
220,2.92193
221,3.12193
222,3.32193
223,2.92193
224,3.32193
225,3.32193
226,3.12193
227,3.32193
228,3.12193
229,3.12193
230,3.12193
231,3.32193
232,3.12193
233,3.32193
234,3.32193
235,3.12193
236,3.12193
237,3.12193
238,2.84644
239,3.32193
240,3.32193
241,3.32193
242,3.12193
243,3.32193
244,2.92193
245,3.12193
246,3.12193
247,2.92193
248,3.32193
249,2.64644
250,1.77095
251,2.64644
252,3.12193
253,2.72193
254,3.12193
255,3.12193
256,3.32193
257,3.32193
258,3.12193
259,3.12193
260,3.32193
261,3.32193
262,3.12193
263,3.12193
264,3.32193
265,3.12193
266,3.32193
267,3.32193
268,3.12193
269,3.12193
270,3.12193
271,3.32193
272,3.32193
273,3.32193
274,3.32193
275,3.32193
276,3.12193
277,3.32193
278,3.12193
279,3.32193
280,3.32193
281,2.84644
282,3.12193
283,3.12193
284,3.12193
285,3.12193
286,3.12193
287,3.32193
288,2.92193
289,3.12193
290,3.32193
291,3.32193
292,3.12193
293,3.12193
294,3.32193
295,3.32193
296,3.32193
297,3.12193
298,3.32193
299,3.12193
300,2.52193
301,3.12193
302,3.12193
303,3.32193
304,2.84644
305,3.32193
306,3.12193
307,3.12193
308,3.32193
309,3.12193
310,3.12193
311,3.12193
312,3.32193
313,3.12193
314,3.12193
315,3.32193
316,3.12193
317,3.12193
318,2.84644
319,3.32193
320,3.32193
321,3.12193
322,2.64644
323,2.92193
324,3.12193
325,2.72193
326,3.32193
327,3.12193
328,2.92193
329,3.32193
330,3.12193
331,2.92193
332,3.12193
333,3.32193
334,3.12193
335,2.92193
336,3.12193
337,3.12193
338,3.32193
339,3.12193
340,3.32193
341,3.32193
342,3.32193
343,2.64644
344,3.12193
345,3.32193
346,2.84644
347,3.12193
348,3.12193
349,3.32193
350,3.32193
351,2.84644
352,3.32193
353,3.12193
354,3.12193
355,3.32193
356,3.12193
357,3.12193
358,3.12193
359,2.72193
360,3.12193
361,3.12193
362,2.92193
363,2.84644
364,2.92193
365,3.12193
366,3.32193
367,3.32193
368,3.32193
369,3.32193
370,3.32193
371,2.16096
372,2.92193
373,3.32193
374,2.92193
375,3.12193
376,3.32193
377,2.84644
378,2.84644
379,2.84644
380,3.12193
381,3.12193
382,3.12193
383,2.16096
384,3.12193
385,3.32193
386,3.32193
387,3.32193
388,3.32193
389,2.92193
390,2.84644
391,3.12193
392,3.32193
393,3.12193
394,3.32193
395,2.64644
396,2.92193
397,2.72193
398,2.84644
399,3.12193
400,3.32193
401,3.12193
402,3.32193
403,3.32193
404,3.32193
405,3.32193
406,3.32193
407,2.84644
408,2.84644
409,3.12193
410,3.32193
411,3.12193
412,3.12193
413,2.92193
414,2.92193
415,2.84644
416,3.32193
417,3.12193
418,3.12193
419,2.84644
420,3.32193
421,3.12193
422,3.12193
423,3.32193
424,2.84644
425,3.12193
426,3.32193
427,3.32193
428,3.12193
429,2.84644
430,2.92193
431,3.32193
432,3.12193
433,3.12193
434,3.32193
435,3.32193
436,3.32193
437,3.12193
438,3.32193
439,2.92193
440,2.52193
441,3.12193
442,3.12193
443,3.12193
444,3.12193
445,2.84644
446,3.32193
447,3.12193
448,3.32193
449,2.84644
450,3.32193
451,3.32193
452,3.32193
453,3.32193
454,3.32193
455,3.32193
456,3.32193
457,3.32193
458,3.32193
459,3.32193
460,3.32193
461,3.32193
462,3.32193
463,3.12193
464,3.32193
465,3.32193
466,3.32193
467,3.32193
468,3.32193
469,2.92193
470,3.12193
471,2.84644
472,3.12193
473,3.12193
474,3.12193
475,3.12193
476,2.84644
477,2.64644
478,2.84644
479,3.12193
480,2.84644
481,3.12193
482,3.32193
483,3.12193
484,3.12193
485,3.32193
486,2.92193
487,2.52193
488,2.92193
489,3.32193
490,3.32193
491,3.32193
492,3.32193
493,3.12193
494,2.84644
495,3.12193
496,2.92193
497,3.12193
498,2.84644
499,3.32193
500,3.12193
501,2.92193
502,3.12193
503,3.12193
504,2.72193
505,3.32193
506,3.12193
507,3.32193
508,3.12193
509,3.12193
510,3.32193
511,3.12193
512,3.12193
513,3.12193
514,3.12193
515,3.32193
516,3.12193
517,3.12193
518,3.32193
519,3.12193
520,3.32193
521,3.32193
522,3.12193
523,3.32193
524,3.12193
525,3.32193
526,3.12193
527,3.12193
528,2.92193
529,2.92193
530,3.32193
531,3.32193
532,2.92193
533,3.32193
534,3.32193
535,3.32193
536,3.32193
537,3.32193
538,2.92193
539,3.32193
540,3.32193
541,3.12193
542,3.32193
543,3.12193
544,2.92193
545,3.32193
546,3.32193
547,3.12193
548,3.12193
549,3.12193
550,3.12193
551,2.92193
552,3.12193
553,2.92193
554,2.16096
555,2.92193
556,3.32193
557,3.12193
558,3.32193
559,3.12193
560,3.12193
561,2.92193
562,3.12193
563,3.32193
564,3.32193
565,3.32193
566,2.64644
567,2.84644
568,2.52193
569,3.12193
570,3.12193
571,3.32193
572,3.32193
573,3.32193
574,2.92193
575,2.84644
576,2.84644
577,3.12193
578,3.12193
579,2.92193
580,3.12193
581,3.12193
582,2.92193
583,3.12193
584,2.84644
585,3.12193
586,3.32193
587,3.12193
588,3.32193
589,3.32193
590,2.92193
591,3.12193
592,3.12193
593,3.12193
594,3.32193
595,3.32193
596,3.32193
597,2.92193
598,3.12193
599,3.12193
600,2.92193
601,2.84644
602,3.12193
603,2.72193
604,2.72193
605,3.12193
606,2.64644
607,3.12193
608,2.92193
609,2.92193
610,3.32193
611,3.32193
612,3.32193
613,2.92193
614,2.84644
615,3.12193
616,2.64644
617,3.32193
618,3.32193
619,2.84644
620,2.84644
621,3.32193
622,2.72193
623,2.44644
624,3.32193
625,3.32193
626,3.12193
627,2.72193
628,3.32193
629,3.32193
630,3.32193
631,3.12193
632,3.12193
633,3.32193
634,2.84644
635,3.12193
636,3.32193
637,3.32193
638,3.32193
639,3.12193
640,3.32193
641,3.12193
642,3.12193
643,2.92193
644,3.12193
645,3.32193
646,3.32193
647,3.32193
648,2.92193
649,3.32193
650,3.32193
651,3.32193
652,3.32193
653,3.12193
654,3.12193
655,2.92193
656,3.32193
657,3.12193
658,3.12193
659,3.12193
660,3.12193
661,3.32193
662,3.12193
663,3.12193
664,2.92193
665,3.32193
666,3.32193
667,3.32193
668,3.32193
669,3.12193
670,3.12193
671,3.12193
672,3.12193
673,3.32193
674,3.32193
675,3.32193
676,3.32193
677,3.32193
678,3.12193
679,3.12193
680,3.12193
681,2.72193
682,2.84644
683,2.64644
684,2.64644
685,2.92193
686,3.32193
687,2.92193
688,2.84644
689,3.12193
690,3.12193
691,3.12193
692,3.32193
693,3.32193
694,3.32193
695,2.92193
696,2.84644
697,3.12193
698,2.52193
699,3.32193
700,3.12193
701,3.32193
702,3.12193
703,3.32193
704,3.32193
705,2.92193
706,3.12193
707,2.92193
708,3.12193
709,3.12193
710,3.32193
711,3.32193
712,3.12193
713,3.32193
714,3.32193
715,3.32193
716,3.32193
717,3.32193
718,3.32193
719,3.12193
720,3.12193
721,2.92193
722,3.32193
723,2.92193
724,3.32193
725,3.32193
726,2.92193
727,3.32193
728,3.32193
729,3.32193
730,3.32193
731,2.72193
732,3.32193
733,3.32193
734,3.32193
735,3.32193
736,2.52193
737,3.32193
738,3.32193
739,2.92193
740,2.92193
741,3.32193
742,2.84644
743,2.84644
744,3.12193
745,2.64644
746,3.12193
747,2.84644
748,3.32193
749,3.12193
750,3.12193
751,3.12193
752,3.32193
753,3.32193
754,3.32193
755,3.32193
756,3.12193
757,3.12193
758,3.12193
759,3.12193
760,3.12193
761,2.92193
762,2.72193
763,2.92193
764,3.32193
765,3.32193
766,3.12193
767,3.32193
768,2.92193
769,3.12193
770,3.32193
771,3.12193
772,3.12193
773,2.92193
774,3.32193
775,3.12193
776,3.12193
777,3.32193
778,3.12193
779,2.64644
780,3.32193
781,3.32193
782,3.32193
783,2.64644
784,3.12193
785,2.84644
786,3.32193
787,3.12193
788,2.92193
789,3.32193
790,3.32193
791,3.12193
792,3.12193
793,3.12193
794,3.12193
795,3.12193
796,2.84644
797,2.92193
798,3.12193
799,3.12193
800,2.84644
801,2.92193
802,3.32193
803,3.32193
804,3.32193
805,3.12193
806,2.92193
807,3.12193
808,3.12193
809,3.12193
810,3.32193
811,3.32193
812,2.92193
813,2.84644
814,3.32193
815,3.32193
816,3.12193
817,3.12193
818,2.84644
819,3.12193
820,2.84644
821,3.32193
822,3.32193
823,3.32193
824,3.32193
825,3.12193
826,3.12193
827,3.12193
828,3.32193
829,2.84644
830,3.32193
831,3.32193
832,3.12193
833,2.92193
834,3.32193
835,3.12193
836,2.92193
837,3.32193
838,3.32193
839,3.12193
840,2.84644
841,3.12193
842,3.32193
843,3.12193
844,2.84644
845,3.12193
846,3.12193
847,3.32193
848,2.84644
849,3.32193
850,2.84644
851,3.32193
852,3.12193
853,3.12193
854,3.32193
855,3.12193
856,3.12193
857,3.12193
858,3.32193
859,3.12193
860,3.32193
861,2.64644
862,3.32193
863,3.12193
864,3.32193
865,3.32193
866,2.92193
867,3.32193
868,3.32193
869,3.12193
870,3.12193
871,2.84644
872,3.32193
873,2.72193
874,3.12193
875,3.12193
876,2.84644
877,2.92193
878,3.32193
879,3.32193
880,3.12193
881,3.12193
882,3.12193
883,3.32193
884,3.32193
885,3.32193
886,3.12193
887,3.12193
888,3.32193
889,3.32193
890,3.32193
891,3.12193
892,3.32193
893,3.32193
894,3.12193
895,2.92193
896,3.12193
897,3.32193
898,3.32193
899,3.12193
900,3.32193
901,3.32193
902,2.92193
903,3.12193
904,3.32193
905,3.12193
906,3.32193
907,2.84644
908,3.12193
909,3.12193
910,3.32193
911,3.32193
912,3.32193
913,3.32193
914,3.32193
915,3.12193
916,2.92193
917,3.12193
918,3.32193
919,3.12193
920,3.32193
921,3.32193
922,3.12193
923,3.32193
924,3.32193
925,2.92193
926,3.32193
927,2.84644
928,3.12193
929,3.12193
930,3.32193
931,2.84644
932,2.84644
933,2.72193
934,2.92193
935,3.32193
936,3.12193
937,3.32193
938,3.12193
939,3.12193
940,3.32193
941,2.84644
942,3.12193
943,3.12193
944,3.32193
945,3.12193
946,3.12193
947,2.64644
948,3.12193
949,3.12193
950,2.72193
951,3.32193
952,3.32193
953,3.12193
954,3.32193
955,2.92193
956,3.12193
957,3.12193
958,3.32193
959,3.32193
960,3.32193
961,3.12193
962,2.84644
963,3.32193
964,3.32193
965,3.12193
966,3.32193
967,3.12193
968,3.32193
969,3.12193
970,3.32193
971,3.12193
972,3.32193
973,3.12193
974,3.32193
975,3.12193
976,3.12193
977,2.92193
978,2.84644
979,3.32193
980,2.64644
981,3.12193
982,3.12193
983,3.32193
984,3.12193
985,3.32193
986,3.32193
987,3.32193
988,3.32193
989,3.32193
990,3.12193
991,3.32193
992,3.12193
993,3.32193
994,3.32193
995,2.92193
996,3.32193
997,3.12193
998,3.32193
999,3.12193
1000,3.12193
1001,2.52193
1002,3.12193
1003,3.12193
1004,3.32193
1005,3.12193
1006,2.44644
1007,3.12193
1008,3.32193
1009,3.32193
1010,3.32193
1011,3.12193
1012,3.12193
1013,3.12193
1014,3.32193
1015,2.84644
1016,2.92193
1017,2.72193
1018,3.32193
1019,3.32193
1020,3.32193
1021,3.32193
1022,3.32193
1023,3.12193
1024,2.92193
1025,3.32193
1026,2.84644
1027,3.32193
1028,3.12193
1029,3.32193
1030,2.92193
1031,2.92193
1032,3.12193
1033,2.52193
1034,2.92193
1035,3.32193
1036,3.32193
1037,3.32193
1038,3.32193
1039,3.12193
1040,3.12193
1041,2.92193
1042,3.32193
1043,3.32193
1044,3.32193
1045,3.12193
1046,3.32193
1047,3.12193
1048,3.12193
1049,2.52193
1050,3.32193
1051,2.92193
1052,3.12193
1053,3.32193
1054,3.12193
1055,3.32193
1056,3.32193
1057,3.12193
1058,3.32193
1059,3.32193
1060,3.12193
1061,3.32193
1062,2.52193
1063,2.64644
1064,3.12193
1065,3.32193
1066,3.12193
1067,3.32193
1068,3.32193
1069,3.12193
1070,3.32193
1071,3.12193
1072,2.92193
1073,3.12193
1074,3.12193
1075,2.92193
1076,2.84644
1077,3.32193
1078,3.12193
1079,3.32193
1080,3.32193
1081,3.12193
1082,2.92193
1083,3.32193
1084,3.32193
1085,3.32193
1086,3.12193
1087,3.32193
1088,3.32193
1089,3.12193
1090,3.32193
1091,3.32193
1092,3.32193
1093,3.32193
1094,3.32193
1095,3.32193
1096,3.32193
1097,3.12193
1098,3.32193
1099,3.12193
1100,2.92193
1101,3.32193
1102,3.32193
1103,3.12193
1104,3.32193
1105,3.32193
1106,2.84644
1107,3.32193
1108,2.92193
1109,2.92193
1110,2.64644
1111,3.12193
1112,2.92193
1113,2.84644
1114,3.32193
1115,2.64644
1116,3.32193
1117,3.12193
1118,3.32193
1119,3.32193
1120,3.32193
1121,3.12193
1122,3.12193
1123,3.12193
1124,3.12193
1125,3.32193
1126,3.12193
1127,2.52193
1128,3.32193
1129,3.32193
1130,3.32193
1131,3.12193
1132,2.92193
1133,3.32193
1134,3.12193
1135,2.84644
1136,2.84644
1137,2.52193
1138,2.84644
1139,3.32193
1140,2.84644
1141,2.37095
1142,2.84644
1143,3.32193
1144,2.92193
1145,2.92193
1146,3.12193
1147,3.12193
1148,3.32193
1149,3.12193
1150,3.12193
1151,3.32193
1152,3.32193
1153,3.12193
1154,3.12193
1155,3.12193
1156,3.12193
1157,2.84644
1158,3.32193
1159,3.12193
1160,3.12193
1161,3.12193
1162,2.84644
1163,3.12193
1164,3.12193
1165,3.12193
1166,3.32193
1167,3.12193
1168,3.12193
1169,3.12193
1170,2.92193
1171,3.32193
1172,3.32193
1173,3.12193
1174,3.12193
1175,3.32193
1176,3.32193
1177,3.32193
1178,3.32193
1179,2.92193
1180,3.32193
1181,3.32193
1182,3.32193
1183,3.12193
1184,3.32193
1185,2.72193
1186,3.12193
1187,2.64644
1188,3.32193
1189,3.32193
1190,3.12193
1191,2.84644
1192,3.32193
1193,3.32193
1194,3.32193
1195,3.12193
1196,3.32193
1197,3.12193
1198,3.32193
1199,3.32193
1200,3.32193
1201,3.12193
1202,3.12193
1203,3.12193
1204,3.32193
1205,3.32193
1206,3.32193
1207,3.32193
1208,2.84644
1209,3.12193
1210,2.84644
1211,3.12193
1212,2.84644
1213,3.32193
1214,3.32193
1215,3.32193
1216,2.92193
1217,3.12193
1218,3.32193
1219,3.12193
1220,3.32193
1221,3.32193
1222,3.12193
1223,3.32193
1224,3.12193
1225,2.92193
1226,3.32193
1227,3.32193
1228,3.12193
1229,3.32193
1230,3.12193
1231,3.12193
1232,3.32193
1233,3.12193
1234,3.12193
1235,3.32193
1236,3.32193
1237,3.32193
1238,3.32193
1239,3.32193
1240,2.92193
1241,3.12193
1242,3.12193
1243,3.32193
1244,3.32193
1245,3.32193
1246,3.12193
1247,3.32193
1248,3.32193
1249,2.84644
1250,2.92193
1251,3.12193
1252,3.12193
1253,2.16096
1254,2.92193
1255,3.32193
1256,3.32193
1257,3.32193
1258,3.32193
1259,2.84644
1260,3.12193
1261,3.32193
1262,3.32193
1263,3.32193
1264,2.84644
1265,3.32193
1266,3.32193
1267,2.92193
1268,3.12193
1269,3.12193
1270,3.12193
1271,3.32193
1272,3.12193
1273,3.32193
1274,2.92193
1275,2.92193
1276,3.12193
1277,3.32193
1278,3.12193
1279,3.32193
1280,3.32193
1281,3.12193
1282,3.12193
1283,3.32193
1284,2.84644
1285,2.92193
1286,2.84644
1287,3.32193
1288,2.92193
1289,2.92193
1290,3.12193
1291,3.32193
1292,3.32193
1293,3.12193
1294,3.12193
1295,3.12193
1296,3.12193
1297,3.12193
1298,3.12193
1299,2.84644
1300,2.92193
1301,2.52193
1302,3.12193
1303,3.12193
1304,2.92193
1305,2.84644
1306,3.32193
1307,2.72193
1308,2.92193
1309,3.32193
1310,3.12193
1311,3.12193
1312,2.37095
1313,2.84644
1314,3.32193
1315,2.92193
1316,3.32193
1317,2.92193
1318,3.12193
1319,3.32193
1320,3.32193
1321,3.32193
1322,2.92193
1323,3.12193
1324,3.32193
1325,3.32193
1326,3.32193
1327,2.84644
1328,3.12193
1329,3.32193
1330,2.92193
1331,3.12193
1332,2.92193
1333,3.32193
1334,3.32193
1335,3.12193
1336,3.32193
1337,3.12193
1338,3.32193
1339,3.12193
1340,3.32193
1341,3.12193
1342,3.32193
1343,3.32193
1344,3.32193
1345,3.32193
1346,3.32193
1347,3.32193
1348,3.32193
1349,3.32193
1350,3.12193
1351,3.12193
1352,3.32193
1353,3.32193
1354,3.32193
1355,2.92193
1356,3.32193
1357,3.12193
1358,3.32193
1359,2.92193
1360,3.32193
1361,3.12193
1362,3.32193
1363,3.32193
1364,3.32193
1365,3.12193
1366,3.12193
1367,3.32193
1368,2.92193
1369,2.44644
1370,3.32193
1371,3.32193
1372,2.84644
1373,3.32193
1374,2.84644
1375,2.72193
1376,3.12193
1377,3.12193
1378,3.32193
1379,2.64644
1380,3.32193
1381,3.32193
1382,3.12193
1383,3.32193
1384,3.12193
1385,3.12193
1386,3.12193
1387,3.32193
1388,3.12193
1389,3.32193
1390,3.12193
1391,3.12193
1392,3.32193
1393,3.32193
1394,3.12193
1395,3.12193
1396,3.32193
1397,3.32193
1398,3.32193
1399,3.32193
1400,3.32193
1401,3.12193
1402,3.32193
1403,2.92193
1404,3.12193
1405,3.12193
1406,3.32193
1407,3.12193
1408,3.32193
1409,3.32193
1410,3.32193
1411,3.12193
1412,2.84644
1413,3.32193
1414,3.32193
1415,3.32193
1416,2.92193
1417,3.12193
1418,3.12193
1419,3.32193
1420,3.12193
1421,3.32193
1422,3.32193
1423,3.32193
1424,2.92193
1425,2.84644
1426,3.32193
1427,3.12193
1428,3.32193
1429,3.32193
1430,3.32193
1431,2.84644
1432,3.32193
1433,3.12193
1434,3.32193
1435,3.12193
1436,2.84644
1437,3.12193
1438,3.32193
1439,3.32193
1440,3.12193
1441,3.12193
1442,3.12193
1443,3.12193
1444,3.12193
1445,2.84644
1446,3.32193
1447,3.12193
1448,3.12193
1449,3.32193
1450,3.32193
1451,3.32193
1452,3.32193
1453,3.12193
1454,3.12193
1455,3.12193
1456,3.32193
1457,3.12193
1458,3.12193
1459,3.12193
1460,3.32193
1461,3.32193
1462,3.32193
1463,3.32193
1464,2.92193
1465,3.12193
1466,3.12193
1467,3.32193
1468,3.12193
1469,2.92193
1470,3.32193
1471,3.32193
1472,3.32193
1473,3.32193
1474,3.32193
1475,3.12193
1476,3.32193
1477,2.84644
1478,3.12193
1479,3.12193
1480,3.12193
1481,3.12193
1482,3.12193
1483,3.32193
1484,3.32193
1485,2.64644
1486,3.12193
1487,3.12193
1488,2.84644
1489,3.32193
1490,3.32193
1491,3.12193
1492,3.12193
1493,3.12193
1494,2.84644
1495,3.32193
1496,3.12193
1497,2.84644
1498,3.12193
1499,2.92193
1500,2.92193
1501,3.12193
1502,3.12193
1503,3.12193
1504,2.92193
1505,2.84644
1506,2.52193
1507,3.12193
1508,3.12193
1509,2.92193
1510,3.32193
1511,3.32193
1512,3.32193
1513,3.12193
1514,2.84644
1515,3.32193
1516,3.12193
1517,3.32193
1518,3.32193
1519,3.12193
1520,3.32193
1521,3.32193
1522,2.44644
1523,3.12193
1524,3.32193
1525,3.32193
1526,2.92193
1527,3.12193
1528,2.92193
1529,3.12193
1530,3.12193
1531,3.12193
1532,2.84644
1533,3.32193
1534,3.12193
1535,3.12193
1536,3.12193
1537,3.32193
1538,3.32193
1539,2.84644
1540,3.12193
1541,3.32193
1542,3.32193
1543,3.12193
1544,3.32193
1545,3.12193
1546,3.12193
1547,2.84644
1548,3.32193
1549,3.12193
1550,3.32193
1551,3.12193
1552,3.12193
1553,3.12193
1554,2.92193
1555,3.32193
1556,3.32193
1557,3.12193
1558,2.64644
1559,3.12193
1560,3.32193
1561,3.12193
1562,2.52193
1563,2.16096
1564,2.92193
1565,3.32193
1566,3.32193
1567,3.12193
1568,2.92193
1569,3.32193
1570,2.92193
1571,2.84644
1572,3.32193
1573,2.92193
1574,3.32193
1575,3.32193
1576,3.32193
1577,2.92193
1578,3.12193
1579,2.64644
1580,3.32193
1581,3.32193
1582,3.32193
1583,3.32193
1584,3.12193
1585,3.32193
1586,3.32193
1587,3.32193
1588,3.32193
1589,3.12193
1590,3.32193
1591,3.32193
1592,3.12193
1593,3.32193
1594,3.32193
1595,3.12193
1596,3.12193
1597,3.32193
1598,3.32193
1599,3.32193
1600,3.32193
1601,2.84644
1602,3.12193
1603,3.32193
1604,3.12193
1605,2.92193
1606,3.12193
1607,3.32193
1608,3.32193
1609,3.32193
1610,3.12193
1611,3.32193
1612,3.12193
1613,2.92193
1614,2.92193
1615,3.12193
1616,3.32193
1617,3.32193
1618,3.32193
1619,3.12193
1620,3.12193
1621,3.32193
1622,3.32193
1623,3.12193
1624,3.32193
1625,3.12193
1626,3.12193
1627,3.12193
1628,3.12193
1629,3.32193
1630,2.92193
1631,2.84644
1632,2.92193
1633,3.32193
1634,3.32193
1635,2.84644
1636,2.92193
1637,3.32193
1638,3.32193
1639,3.12193
1640,3.32193
1641,2.84644
1642,3.32193
1643,3.32193
1644,3.12193
1645,2.64644
1646,2.92193
1647,3.12193
1648,3.32193
1649,2.84644
1650,2.92193
1651,3.32193
1652,3.12193
1653,3.32193
1654,3.12193
1655,3.12193
1656,3.32193
1657,3.32193
1658,3.32193
1659,3.12193
1660,3.32193
1661,3.32193
1662,3.12193
1663,2.92193
1664,2.84644
1665,2.92193
1666,3.12193
1667,3.32193
1668,3.12193
1669,3.12193
1670,3.12193
1671,3.12193
1672,2.92193
1673,3.32193
1674,3.12193
1675,2.92193
1676,3.12193
1677,3.12193
1678,3.12193
1679,3.12193
1680,3.12193
1681,3.12193
1682,3.32193
1683,3.32193
1684,3.12193
1685,3.12193
1686,2.64644
1687,3.12193
1688,2.92193
1689,3.12193
1690,3.12193
1691,2.92193
1692,3.32193
1693,3.32193
1694,3.12193
1695,3.32193
1696,3.12193
1697,3.32193
1698,2.37095
1699,3.32193
1700,3.12193
1701,3.32193
1702,2.92193
1703,3.12193
1704,3.32193
1705,3.32193
1706,3.32193
1707,3.12193
1708,3.32193
1709,2.92193
1710,2.84644
1711,3.32193
1712,3.32193
1713,3.12193
1714,3.32193
1715,3.12193
1716,3.32193
1717,3.12193
1718,3.12193
1719,3.32193
1720,3.12193
1721,3.32193
1722,2.92193
1723,3.12193
1724,3.32193
1725,3.12193
1726,3.12193
1727,3.32193
1728,2.92193
1729,3.12193
1730,3.12193
1731,3.32193
1732,3.12193
1733,2.92193
1734,3.12193
1735,3.32193
1736,3.12193
1737,3.32193
1738,3.32193
1739,3.12193
1740,3.12193
1741,2.92193
1742,3.12193
1743,3.32193
1744,3.12193
1745,3.32193
1746,2.84644
1747,3.12193
1748,3.32193
1749,3.32193
1750,2.92193
1751,3.32193
1752,3.32193
1753,2.92193
1754,3.12193
1755,3.32193
1756,3.32193
1757,3.32193
1758,3.32193
1759,2.92193
1760,3.12193
1761,3.12193
1762,2.84644
1763,3.12193
1764,3.12193
1765,3.32193
1766,3.32193
1767,3.32193
1768,3.32193
1769,2.37095
1770,3.32193
1771,3.32193
1772,3.12193
1773,3.32193
1774,3.32193
1775,3.12193
1776,3.12193
1777,3.32193
1778,3.12193
1779,2.84644
1780,3.32193
1781,3.12193
1782,3.32193
1783,3.12193
1784,3.12193
1785,3.32193
1786,3.32193
1787,3.12193
1788,3.32193
1789,3.32193
1790,3.12193
1791,3.12193
1792,3.12193
1793,3.12193
1794,3.12193
1795,3.12193
1796,2.84644
1797,3.12193
1798,2.92193
1799,3.32193
1800,2.84644
1801,3.32193
1802,3.12193
1803,3.32193
1804,3.32193
1805,3.12193
1806,3.32193
1807,2.84644
1808,3.32193
1809,2.84644
1810,2.84644
1811,3.32193
1812,2.92193
1813,3.32193
1814,3.32193
1815,3.32193
1816,3.32193
1817,3.32193
1818,3.32193
1819,3.12193
1820,3.12193
1821,2.92193
1822,3.12193
1823,3.32193
1824,3.32193
1825,3.32193
1826,3.12193
1827,3.12193
1828,3.12193
1829,3.12193
1830,3.32193
1831,3.12193
1832,3.32193
1833,2.92193
1834,2.92193
1835,3.32193
1836,3.32193
1837,3.32193
1838,2.92193
1839,2.92193
1840,3.32193
1841,3.32193
1842,3.32193
1843,3.12193
1844,3.12193
1845,2.84644
1846,3.12193
1847,3.12193
1848,2.92193
1849,3.32193
1850,3.12193
1851,3.12193
1852,3.32193
1853,3.32193
1854,3.32193
1855,3.12193
1856,3.32193
1857,3.12193
1858,3.32193
1859,3.32193
1860,3.12193
1861,3.32193
1862,2.84644
1863,2.64644
1864,2.84644
1865,2.92193
1866,2.84644
1867,3.32193
1868,3.32193
1869,3.32193
1870,2.84644
1871,2.84644
1872,2.52193
1873,3.32193
1874,2.92193
1875,2.64644
1876,2.92193
1877,3.12193
1878,2.92193
1879,3.32193
1880,2.84644
1881,2.84644
1882,2.52193
1883,2.84644
1884,3.32193
1885,3.32193
1886,3.12193
1887,2.37095
1888,3.12193
1889,2.92193
1890,2.92193
1891,3.32193
1892,3.32193
1893,3.32193
1894,3.32193
1895,3.32193
1896,3.12193
1897,2.84644
1898,3.12193
1899,3.32193
1900,3.32193
1901,3.12193
1902,3.12193
1903,3.12193
1904,3.32193
1905,3.12193
1906,3.32193
1907,3.12193
1908,3.32193
1909,3.32193
1910,2.84644
1911,3.32193
1912,3.12193
1913,3.32193
1914,3.32193
1915,3.32193
1916,2.92193
1917,3.32193
1918,3.32193
1919,3.12193
1920,3.12193
1921,3.32193
1922,3.12193
1923,3.32193
1924,3.32193
1925,3.12193
1926,3.32193
1927,3.12193
1928,3.32193
1929,3.32193
1930,3.32193
1931,2.84644
1932,3.32193
1933,3.12193
1934,3.32193
1935,3.12193
1936,3.12193
1937,3.32193
1938,3.32193
1939,3.12193
1940,3.32193
1941,3.32193
1942,3.32193
1943,2.84644
1944,3.12193
1945,2.52193
1946,3.32193
1947,2.92193
1948,3.32193
1949,3.32193
1950,2.84644
1951,2.84644
1952,3.12193
1953,3.12193
1954,2.92193
1955,2.92193
1956,2.64644
1957,3.12193
1958,3.12193
1959,3.12193
1960,3.32193
1961,3.32193
1962,3.32193
1963,3.12193
1964,3.32193
1965,3.32193
1966,3.12193
1967,3.12193
1968,2.84644
1969,3.32193
1970,3.32193
1971,3.32193
1972,3.12193
1973,3.32193
1974,3.12193
1975,3.32193
1976,3.32193
1977,3.32193
1978,3.32193
1979,3.32193
1980,3.32193
1981,3.32193
1982,3.32193
1983,3.12193
1984,3.12193
1985,3.12193
1986,2.92193
1987,3.12193
1988,2.84644
1989,3.32193
1990,3.12193
1991,3.32193
1992,3.32193
1993,3.12193
1994,3.12193
1995,3.32193
1996,3.32193
1997,3.12193
1998,3.12193
1999,2.84644
