0,3.32193
1,3.12193
2,2.92193
3,3.32193
4,3.12193
5,3.32193
6,2.84644
7,3.12193
8,3.32193
9,2.72193
10,3.32193
11,3.32193
12,3.32193
13,3.32193
14,3.32193
15,3.32193
16,3.12193
17,2.92193
18,3.12193
19,2.92193
20,3.32193
21,3.12193
22,3.12193
23,3.12193
24,3.32193
25,3.32193
26,3.12193
27,2.52193
28,3.12193
29,3.32193
30,3.32193
31,3.32193
32,3.32193
33,3.12193
34,2.64644
35,3.12193
36,2.52193
37,3.12193
38,3.12193
39,3.12193
40,3.32193
41,2.92193
42,3.12193
43,3.12193
44,3.12193
45,3.32193
46,3.12193
47,3.12193
48,2.92193
49,3.32193
50,3.12193
51,3.32193
52,3.32193
53,3.32193
54,3.12193
55,3.12193
56,3.32193
57,2.92193
58,3.12193
59,3.12193
60,3.12193
61,3.12193
62,3.12193
63,3.12193
64,3.12193
65,3.32193
66,3.32193
67,2.84644
68,3.12193
69,2.64644
70,2.84644
71,3.32193
72,3.32193
73,2.92193
74,3.32193
75,2.92193
76,2.84644
77,3.12193
78,3.32193
79,2.64644
80,3.12193
81,3.32193
82,2.84644
83,3.32193
84,3.32193
85,3.32193
86,3.12193
87,3.12193
88,3.32193
89,3.32193
90,3.32193
91,3.12193
92,3.12193
93,3.32193
94,3.32193
95,3.12193
96,2.92193
97,3.12193
98,3.12193
99,3.12193
100,3.12193
101,3.32193
102,3.32193
103,3.32193
104,2.92193
105,2.64644
106,3.32193
107,3.32193
108,3.32193
109,3.12193
110,3.32193
111,3.12193
112,3.12193
113,3.32193
114,3.12193
115,3.32193
116,3.12193
117,3.32193
118,3.32193
119,3.32193
120,3.12193
121,3.12193
122,3.32193
123,3.12193
124,3.12193
125,3.32193
126,3.12193
127,3.32193
128,3.32193
129,3.32193
130,2.92193
131,3.12193
132,3.12193
133,3.12193
134,3.12193
135,3.32193
136,3.12193
137,3.12193
138,3.12193
139,3.12193
140,3.32193
141,2.84644
142,3.12193
143,3.12193
144,3.12193
145,3.12193
146,3.32193
147,3.32193
148,3.32193
149,2.92193
150,2.92193
151,2.72193
152,2.84644
153,2.84644
154,2.92193
155,3.12193
156,3.32193
157,3.32193
158,3.32193
159,3.32193
160,3.32193
161,3.32193
162,3.32193
163,2.92193
164,3.12193
165,3.32193
166,3.32193
167,3.12193
168,3.32193
169,3.12193
170,3.32193
171,3.12193
172,3.32193
173,3.32193
174,3.12193
175,3.32193
176,3.12193
177,3.32193
178,3.32193
179,2.64644
180,3.32193
181,2.64644
182,3.12193
183,3.12193
184,3.12193
185,2.84644
186,3.12193
187,3.32193
188,2.64644
189,3.32193
190,2.92193
191,3.12193
192,3.32193
193,2.92193
194,3.32193
195,3.12193
196,3.32193
197,2.52193
198,3.12193
199,3.32193
200,2.84644
201,2.84644
202,3.32193
203,3.12193
204,2.92193
205,3.32193
206,2.92193
207,3.12193
208,3.12193
209,3.12193
210,3.32193
211,3.32193
212,2.84644
213,3.12193
214,3.12193
215,3.32193
216,3.32193
217,3.12193
218,2.92193
219,2.84644
220,3.12193
221,3.32193
222,2.84644
223,2.92193
224,3.12193
225,3.12193
226,2.72193
227,3.32193
228,3.32193
229,3.12193
230,2.92193
231,2.72193
232,3.12193
233,3.12193
234,2.64644
235,3.32193
236,3.32193
237,3.12193
238,2.64644
239,3.12193
240,2.92193
241,3.12193
242,3.32193
243,3.32193
244,2.84644
245,2.92193
246,3.12193
247,3.32193
248,3.32193
249,3.32193
250,3.12193
251,2.92193
252,3.32193
253,3.12193
254,3.32193
255,3.32193
256,3.12193
257,2.92193
258,3.32193
259,2.64644
260,2.92193
261,3.12193
262,3.32193
263,3.12193
264,2.64644
265,3.12193
266,3.12193
267,3.12193
268,2.92193
269,3.32193
270,3.12193
271,3.32193
272,3.12193
273,3.12193
274,3.32193
275,2.84644
276,3.12193
277,3.12193
278,2.52193
279,3.12193
280,2.84644
281,3.32193
282,2.92193
283,3.32193
284,3.12193
285,3.12193
286,2.84644
287,2.92193
288,3.32193
289,2.84644
290,3.12193
291,3.12193
292,2.84644
293,3.32193
294,3.12193
295,2.64644
296,3.12193
297,3.12193
298,3.32193
299,3.12193
300,3.32193
301,3.32193
302,3.12193
303,3.32193
304,3.32193
305,3.12193
306,3.12193
307,3.12193
308,3.32193
309,3.12193
310,3.12193
311,3.12193
312,3.12193
313,3.32193
314,2.84644
315,3.32193
316,3.12193
317,3.12193
318,3.12193
319,2.72193
320,3.12193
321,3.32193
322,3.12193
323,3.12193
324,3.12193
325,2.64644
326,3.12193
327,3.12193
328,3.32193
329,3.32193
330,3.12193
331,3.12193
332,3.12193
333,2.92193
334,3.12193
335,3.12193
336,2.92193
337,3.32193
338,3.32193
339,3.32193
340,3.12193
341,3.12193
342,2.92193
343,3.32193
344,3.12193
345,3.32193
346,3.12193
347,3.32193
348,3.32193
349,3.12193
350,2.92193
351,3.12193
352,3.32193
353,2.64644
354,3.32193
355,3.32193
356,3.12193
357,3.12193
358,3.12193
359,3.32193
360,3.32193
361,3.32193
362,3.32193
363,3.12193
364,3.32193
365,2.84644
366,3.12193
367,3.32193
368,2.84644
369,3.32193
370,2.84644
371,3.32193
372,2.84644
373,3.12193
374,2.64644
375,2.92193
376,3.32193
377,2.84644
378,2.64644
379,3.32193
380,3.32193
381,3.32193
382,2.92193
383,3.32193
384,3.32193
385,3.12193
386,3.12193
387,3.12193
388,3.12193
389,3.12193
390,2.92193
391,3.32193
392,3.12193
393,3.32193
394,3.32193
395,2.92193
396,3.32193
397,3.32193
398,3.32193
399,3.32193
400,2.92193
401,3.12193
402,3.32193
403,3.32193
404,2.92193
405,3.12193
406,3.32193
407,2.92193
408,3.32193
409,3.32193
410,3.12193
411,3.12193
412,3.12193
413,3.12193
414,3.32193
415,3.32193
416,3.32193
417,3.12193
418,3.32193
419,3.12193
420,3.12193
421,3.12193
422,3.32193
423,3.32193
424,2.84644
425,3.12193
426,3.12193
427,3.12193
428,3.12193
429,3.32193
430,2.84644
431,3.12193
432,3.32193
433,3.32193
434,3.32193
435,3.32193
436,3.32193
437,3.12193
438,3.12193
439,3.12193
440,3.12193
441,3.32193
442,3.32193
443,2.84644
444,3.32193
445,3.12193
446,3.32193
447,3.12193
448,3.12193
449,3.32193
450,3.12193
451,3.12193
452,3.32193
453,3.32193
454,2.92193
455,3.32193
456,3.32193
457,3.12193
458,3.32193
459,2.84644
460,3.32193
461,3.32193
462,2.92193
463,2.84644
464,3.12193
465,3.32193
466,3.12193
467,3.32193
468,3.12193
469,3.12193
470,2.52193
471,3.32193
472,3.32193
473,3.32193
474,3.32193
475,3.12193
476,3.32193
477,3.32193
478,3.12193
479,3.32193
480,3.32193
481,3.32193
482,3.12193
483,3.32193
484,3.12193
485,3.12193
486,3.12193
487,3.32193
488,3.12193
489,3.12193
490,3.12193
491,3.12193
492,3.32193
493,2.64644
494,2.84644
495,3.32193
496,3.12193
497,3.12193
498,3.12193
499,3.32193
500,3.12193
501,3.32193
502,3.12193
503,2.84644
504,3.12193
505,3.32193
506,2.92193
507,3.32193
508,3.32193
509,3.12193
510,3.32193
511,2.84644
512,3.12193
513,3.32193
514,2.84644
515,2.84644
516,2.92193
517,3.12193
518,3.32193
519,3.12193
520,3.12193
521,2.92193
522,3.12193
523,3.32193
524,3.32193
525,3.32193
526,3.32193
527,3.12193
528,3.32193
529,2.84644
530,3.12193
531,3.32193
532,3.12193
533,3.12193
534,3.12193
535,2.84644
536,3.12193
537,3.12193
538,3.12193
539,3.12193
540,3.12193
541,2.92193
542,3.32193
543,3.32193
544,2.92193
545,2.92193
546,3.12193
547,3.12193
548,3.12193
549,3.32193
550,3.12193
551,3.12193
552,3.32193
553,2.92193
554,2.92193
555,2.92193
556,3.32193
557,3.32193
558,3.12193
559,2.92193
560,3.12193
561,2.84644
562,3.32193
563,3.12193
564,3.12193
565,3.12193
566,3.12193
567,3.12193
568,3.32193
569,3.32193
570,2.92193
571,2.92193
572,2.64644
573,3.32193
574,3.32193
575,3.12193
576,3.32193
577,2.92193
578,3.32193
579,3.32193
580,3.12193
581,3.12193
582,3.32193
583,2.92193
584,3.12193
585,3.12193
586,2.72193
587,3.12193
588,3.12193
589,3.12193
590,3.32193
591,3.12193
592,3.32193
593,2.37095
594,2.92193
595,2.92193
596,3.32193
597,3.32193
598,3.12193
599,2.64644
600,3.12193
601,3.32193
602,2.84644
603,3.12193
604,3.12193
605,3.32193
606,3.12193
607,3.32193
608,3.12193
609,2.84644
610,3.32193
611,3.12193
612,3.12193
613,3.12193
614,3.12193
615,3.12193
616,3.32193
617,3.32193
618,3.32193
619,3.12193
620,2.92193
621,3.12193
622,2.84644
623,3.12193
624,3.12193
625,2.92193
626,2.84644
627,3.12193
628,3.12193
629,3.12193
630,3.32193
631,2.52193
632,2.92193
633,3.32193
634,3.12193
635,3.12193
636,2.64644
637,3.12193
638,3.32193
639,3.12193
640,3.12193
641,2.64644
642,3.32193
643,3.32193
644,3.32193
645,3.32193
646,3.12193
647,3.12193
648,2.64644
649,3.32193
650,3.32193
651,3.12193
652,3.12193
653,3.32193
654,3.12193
655,3.32193
656,3.12193
657,3.12193
658,3.32193
659,3.32193
660,3.12193
661,3.12193
662,3.32193
663,3.32193
664,3.12193
665,3.32193
666,3.32193
667,3.12193
668,3.12193
669,3.12193
670,3.12193
671,2.92193
672,3.32193
673,3.12193
674,3.32193
675,3.32193
676,3.32193
677,2.84644
678,3.12193
679,3.32193
680,3.32193
681,3.12193
682,3.12193
683,3.12193
684,3.32193
685,3.32193
686,3.12193
687,3.32193
688,3.32193
689,3.12193
690,3.32193
691,3.12193
692,3.12193
693,3.12193
694,3.12193
695,3.12193
696,3.32193
697,2.52193
698,3.32193
699,3.32193
700,3.12193
701,3.12193
702,3.12193
703,3.12193
704,3.12193
705,3.32193
706,2.84644
707,3.12193
708,3.32193
709,3.32193
710,3.32193
711,3.12193
712,3.32193
713,3.12193
714,3.32193
715,3.32193
716,2.32193
717,2.84644
718,3.32193
719,3.32193
720,3.12193
721,3.32193
722,2.92193
723,2.84644
724,3.32193
725,3.32193
726,3.32193
727,3.32193
728,3.32193
729,3.32193
730,2.92193
731,3.32193
732,3.32193
733,3.12193
734,3.12193
735,3.32193
736,3.32193
737,3.32193
738,2.84644
739,3.32193
740,3.12193
741,3.32193
742,2.84644
743,3.12193
744,3.12193
745,3.12193
746,3.12193
747,3.12193
748,2.52193
749,2.92193
750,3.32193
751,3.32193
752,3.12193
753,2.84644
754,3.32193
755,3.12193
756,3.12193
757,2.84644
758,3.32193
759,2.92193
760,3.32193
761,3.32193
762,3.12193
763,3.12193
764,3.32193
765,3.12193
766,2.52193
767,2.92193
768,2.84644
769,2.72193
770,3.12193
771,2.92193
772,3.32193
773,3.32193
774,3.12193
775,3.32193
776,3.32193
777,2.52193
778,3.12193
779,2.84644
780,3.32193
781,2.84644
782,2.84644
783,3.12193
784,3.32193
785,2.92193
786,3.32193
787,3.32193
788,3.32193
789,3.32193
790,3.12193
791,2.84644
792,3.32193
793,3.12193
794,3.32193
795,2.84644
796,3.12193
797,3.32193
798,3.32193
799,2.92193
800,3.12193
801,2.72193
802,3.32193
803,3.32193
804,3.32193
805,3.32193
806,3.32193
807,3.12193
808,3.32193
809,3.12193
810,2.84644
811,3.32193
812,3.12193
813,3.12193
814,3.32193
815,3.32193
816,3.32193
817,3.32193
818,3.12193
819,3.12193
820,3.12193
821,2.64644
822,3.12193
823,3.32193
824,3.12193
825,2.64644
826,3.32193
827,3.12193
828,3.12193
829,3.32193
830,3.32193
831,2.64644
832,3.32193
833,2.64644
834,2.84644
835,3.12193
836,3.32193
837,2.84644
838,3.12193
839,3.32193
840,3.12193
841,2.92193
842,3.12193
843,3.32193
844,3.32193
845,3.12193
846,3.32193
847,3.12193
848,3.12193
849,3.12193
850,3.32193
851,3.32193
852,3.32193
853,3.12193
854,3.12193
855,3.32193
856,3.32193
857,3.32193
858,2.92193
859,3.32193
860,3.12193
861,3.32193
862,3.12193
863,3.32193
864,3.12193
865,3.12193
866,3.12193
867,3.12193
868,3.32193
869,3.32193
870,2.64644
871,2.92193
872,3.32193
873,3.32193
874,2.92193
875,2.92193
876,3.12193
877,3.12193
878,3.12193
879,3.12193
880,3.32193
881,3.32193
882,3.12193
883,3.32193
884,3.32193
885,3.12193
886,3.32193
887,3.32193
888,3.12193
889,3.12193
890,3.32193
891,2.84644
892,3.12193
893,3.32193
894,3.32193
895,2.92193
896,3.32193
897,3.12193
898,3.32193
899,3.12193
900,3.12193
901,3.32193
902,3.12193
903,2.92193
904,2.92193
905,3.12193
906,3.12193
907,3.32193
908,3.12193
909,2.92193
910,3.32193
911,3.32193
912,3.12193
913,3.32193
914,2.92193
915,3.12193
916,3.32193
917,3.32193
918,3.12193
919,3.12193
920,3.12193
921,3.32193
922,3.32193
923,3.12193
924,3.12193
925,3.12193
926,3.12193
927,3.32193
928,3.12193
929,3.12193
930,3.32193
931,2.52193
932,3.32193
933,3.12193
934,3.32193
935,2.64644
936,3.32193
937,3.12193
938,2.92193
939,3.12193
940,3.12193
941,3.32193
942,2.92193
943,2.84644
944,3.32193
945,3.12193
946,3.32193
947,3.32193
948,3.12193
949,2.92193
950,2.84644
951,3.12193
952,3.12193
953,2.84644
954,3.32193
955,2.64644
956,3.32193
957,2.84644
958,3.12193
959,3.32193
960,3.12193
961,3.32193
962,3.12193
963,3.32193
964,2.92193
965,3.12193
966,3.32193
967,3.32193
968,3.12193
969,3.32193
970,3.12193
971,3.32193
972,3.12193
973,3.12193
974,2.92193
975,3.32193
976,3.12193
977,3.32193
978,3.32193
979,2.64644
980,3.12193
981,3.32193
982,3.32193
983,3.32193
984,3.32193
985,3.32193
986,3.12193
987,3.12193
988,3.12193
989,3.12193
990,3.32193
991,3.32193
992,3.12193
993,3.32193
994,3.32193
995,3.32193
996,3.12193
997,3.12193
998,2.64644
999,3.12193
1000,2.92193
1001,3.32193
1002,3.32193
1003,3.32193
1004,3.12193
1005,2.52193
1006,3.12193
1007,3.32193
1008,3.32193
1009,3.32193
1010,3.32193
1011,3.32193
1012,3.12193
1013,3.32193
1014,3.12193
1015,3.32193
1016,2.84644
1017,3.32193
1018,3.32193
1019,3.32193
1020,3.32193
1021,3.32193
1022,3.32193
1023,3.12193
1024,2.64644
1025,3.12193
1026,3.32193
1027,3.12193
1028,2.92193
1029,3.32193
1030,2.92193
1031,3.32193
1032,2.72193
1033,3.12193
1034,2.72193
1035,3.32193
1036,3.32193
1037,3.12193
1038,3.32193
1039,3.32193
1040,3.12193
1041,2.92193
1042,3.32193
1043,3.32193
1044,2.84644
1045,3.12193
1046,3.32193
1047,3.12193
1048,3.32193
1049,3.32193
1050,3.12193
1051,3.12193
1052,3.12193
1053,3.32193
1054,3.12193
1055,3.32193
1056,3.32193
1057,3.12193
1058,3.32193
1059,3.32193
1060,3.32193
1061,2.92193
1062,2.84644
1063,3.32193
1064,3.32193
1065,2.92193
1066,2.52193
1067,3.12193
1068,3.32193
1069,3.12193
1070,3.32193
1071,3.32193
1072,3.32193
1073,3.32193
1074,3.32193
1075,3.32193
1076,3.12193
1077,2.64644
1078,2.32193
1079,2.84644
1080,3.32193
1081,3.12193
1082,2.72193
1083,3.12193
1084,3.32193
1085,3.12193
1086,3.12193
1087,3.12193
1088,3.32193
1089,3.32193
1090,3.32193
1091,3.32193
1092,3.32193
1093,2.64644
1094,3.32193
1095,3.32193
1096,3.32193
1097,2.92193
1098,3.12193
1099,2.92193
1100,3.12193
1101,2.84644
1102,3.12193
1103,3.32193
1104,3.32193
1105,3.32193
1106,3.32193
1107,3.32193
1108,3.32193
1109,3.32193
1110,2.92193
1111,2.84644
1112,3.12193
1113,3.12193
1114,3.32193
1115,3.12193
1116,3.12193
1117,2.84644
1118,3.12193
1119,2.92193
1120,3.32193
1121,2.72193
1122,3.32193
1123,3.32193
1124,3.12193
1125,3.32193
1126,3.32193
1127,3.12193
1128,3.32193
1129,3.32193
1130,3.12193
1131,3.12193
1132,3.32193
1133,2.92193
1134,3.32193
1135,2.92193
1136,3.32193
1137,3.12193
1138,3.32193
1139,3.32193
1140,3.12193
1141,3.12193
1142,3.12193
1143,3.32193
1144,3.32193
1145,3.12193
1146,3.32193
1147,3.12193
1148,2.92193
1149,3.32193
1150,3.12193
1151,3.12193
1152,3.32193
1153,3.12193
1154,2.92193
1155,2.52193
1156,2.92193
1157,2.64644
1158,2.64644
1159,3.12193
1160,2.92193
1161,3.32193
1162,2.84644
1163,3.12193
1164,2.84644
1165,3.12193
1166,3.12193
1167,2.92193
1168,3.12193
1169,3.12193
1170,3.32193
1171,3.32193
1172,3.12193
1173,3.12193
1174,3.32193
1175,3.32193
1176,3.32193
1177,3.32193
1178,2.92193
1179,3.32193
1180,3.32193
1181,3.32193
1182,3.32193
1183,2.84644
1184,2.84644
1185,3.12193
1186,3.12193
1187,3.32193
1188,3.12193
1189,3.12193
1190,3.12193
1191,3.12193
1192,3.12193
1193,3.32193
1194,3.32193
1195,2.92193
1196,3.32193
1197,3.12193
1198,3.32193
1199,2.64644
1200,2.84644
1201,3.32193
1202,3.12193
1203,3.32193
1204,3.12193
1205,2.84644
1206,3.12193
1207,3.32193
1208,2.92193
1209,2.84644
1210,2.37095
1211,3.32193
1212,3.32193
1213,3.32193
1214,3.32193
1215,3.32193
1216,3.32193
1217,3.32193
1218,3.12193
1219,3.12193
1220,3.32193
1221,3.12193
1222,2.84644
1223,3.32193
1224,3.12193
1225,3.32193
1226,3.12193
1227,3.12193
1228,3.32193
1229,2.92193
1230,3.12193
1231,3.32193
1232,3.32193
1233,3.32193
1234,2.92193
1235,2.92193
1236,2.84644
1237,3.32193
1238,3.12193
1239,3.12193
1240,3.32193
1241,3.12193
1242,2.72193
1243,2.92193
1244,2.52193
1245,3.32193
1246,2.84644
1247,3.32193
1248,3.32193
1249,2.84644
1250,3.32193
1251,3.12193
1252,2.92193
1253,3.12193
1254,2.92193
1255,3.32193
1256,3.12193
1257,2.64644
1258,3.32193
1259,2.92193
1260,3.12193
1261,2.64644
1262,3.12193
1263,3.32193
1264,3.12193
1265,3.32193
1266,3.32193
1267,3.12193
1268,3.32193
1269,3.12193
1270,3.12193
1271,3.12193
1272,3.12193
1273,2.92193
1274,2.84644
1275,2.92193
1276,3.32193
1277,3.32193
1278,3.32193
1279,3.32193
1280,2.92193
1281,3.12193
1282,3.32193
1283,3.32193
1284,3.32193
1285,3.12193
1286,3.12193
1287,2.84644
1288,3.12193
1289,3.32193
1290,3.32193
1291,3.12193
1292,3.32193
1293,3.32193
1294,2.84644
1295,3.32193
1296,3.12193
1297,3.32193
1298,3.12193
1299,3.12193
1300,3.32193
1301,3.32193
1302,2.92193
1303,3.32193
1304,3.12193
1305,2.84644
1306,3.12193
1307,3.12193
1308,3.32193
1309,3.12193
1310,3.32193
1311,3.32193
1312,3.12193
1313,3.12193
1314,3.32193
1315,3.32193
1316,3.12193
1317,3.12193
1318,3.12193
1319,3.32193
1320,3.32193
1321,2.84644
1322,3.12193
1323,3.12193
1324,3.12193
1325,2.92193
1326,3.12193
1327,3.32193
1328,2.84644
1329,3.12193
1330,3.32193
1331,3.32193
1332,3.32193
1333,2.92193
1334,2.92193
1335,3.12193
1336,3.32193
1337,3.12193
1338,3.32193
1339,3.32193
1340,3.32193
1341,3.32193
1342,3.12193
1343,3.32193
1344,3.32193
1345,3.32193
1346,3.32193
1347,3.32193
1348,2.84644
1349,3.32193
1350,3.12193
1351,2.92193
1352,2.92193
1353,2.92193
1354,3.12193
1355,2.92193
1356,3.32193
1357,2.84644
1358,2.84644
1359,3.12193
1360,2.92193
1361,2.84644
1362,3.12193
1363,2.52193
1364,3.12193
1365,3.32193
1366,3.12193
1367,3.32193
1368,3.32193
1369,3.12193
1370,3.12193
1371,3.12193
1372,3.12193
1373,3.12193
1374,3.12193
1375,3.12193
1376,3.12193
1377,3.32193
1378,3.12193
1379,2.84644
1380,2.92193
1381,3.32193
1382,3.12193
1383,3.12193
1384,3.12193
1385,2.92193
1386,3.32193
1387,3.12193
1388,3.12193
1389,3.32193
1390,3.12193
1391,3.32193
1392,3.32193
1393,3.12193
1394,3.12193
1395,3.12193
1396,3.12193
1397,3.32193
1398,3.32193
1399,2.52193
1400,3.12193
1401,3.32193
1402,3.12193
1403,3.12193
1404,3.12193
1405,2.52193
1406,3.12193
1407,3.12193
1408,3.32193
1409,2.92193
1410,3.32193
1411,3.32193
1412,2.92193
1413,3.32193
1414,3.32193
1415,3.32193
1416,3.32193
1417,3.32193
1418,3.12193
1419,2.92193
1420,3.12193
1421,3.32193
1422,3.32193
1423,3.12193
1424,3.32193
1425,3.32193
1426,3.32193
1427,2.92193
1428,3.32193
1429,2.92193
1430,2.72193
1431,2.84644
1432,2.84644
1433,2.84644
1434,3.12193
1435,3.32193
1436,2.64644
1437,2.84644
1438,3.32193
1439,3.32193
1440,3.12193
1441,3.12193
1442,3.32193
1443,3.32193
1444,3.12193
1445,2.52193
1446,3.32193
1447,3.32193
1448,3.12193
1449,3.32193
1450,3.32193
1451,3.32193
1452,3.12193
1453,2.92193
1454,2.84644
1455,3.12193
1456,3.32193
1457,3.32193
1458,3.12193
1459,3.32193
1460,3.32193
1461,3.12193
1462,3.32193
1463,2.84644
1464,2.84644
1465,3.12193
1466,3.12193
1467,3.12193
1468,3.12193
1469,2.92193
1470,3.12193
1471,3.32193
1472,2.92193
1473,3.12193
1474,2.92193
1475,2.92193
1476,3.12193
1477,3.12193
1478,3.12193
1479,3.32193
1480,2.37095
1481,2.84644
1482,3.32193
1483,2.64644
1484,2.84644
1485,3.12193
1486,2.92193
1487,3.12193
1488,3.12193
1489,3.12193
1490,3.32193
1491,3.32193
1492,3.12193
1493,3.12193
1494,3.32193
1495,2.72193
1496,2.92193
1497,3.12193
1498,3.12193
1499,3.32193
1500,2.84644
1501,3.12193
1502,3.32193
1503,3.12193
1504,2.92193
1505,3.32193
1506,3.32193
1507,2.92193
1508,3.12193
1509,2.64644
1510,3.12193
1511,3.32193
1512,3.12193
1513,3.12193
1514,3.32193
1515,3.32193
1516,3.32193
1517,3.32193
1518,3.32193
1519,3.32193
1520,2.92193
1521,3.32193
1522,3.12193
1523,3.32193
1524,2.64644
1525,3.12193
1526,3.12193
1527,3.32193
1528,3.32193
1529,3.32193
1530,3.12193
1531,3.12193
1532,3.12193
1533,3.32193
1534,2.92193
1535,3.32193
1536,3.32193
1537,3.12193
1538,3.32193
1539,3.12193
1540,2.84644
1541,3.12193
1542,3.12193
1543,3.12193
1544,2.84644
1545,2.92193
1546,3.32193
1547,3.32193
1548,3.32193
1549,3.32193
1550,3.12193
1551,3.32193
1552,2.92193
1553,3.32193
1554,3.12193
1555,3.32193
1556,3.32193
1557,3.12193
1558,3.32193
1559,3.32193
1560,2.92193
1561,3.12193
1562,3.12193
1563,3.32193
1564,2.84644
1565,2.84644
1566,3.12193
1567,3.32193
1568,2.84644
1569,3.32193
1570,3.32193
1571,2.92193
1572,3.32193
1573,2.72193
1574,2.32193
1575,2.84644
1576,3.12193
1577,2.92193
1578,3.32193
1579,3.12193
1580,3.32193
1581,3.12193
1582,3.32193
1583,3.12193
1584,3.32193
1585,3.12193
1586,3.12193
1587,3.32193
1588,3.12193
1589,3.32193
1590,3.32193
1591,3.32193
1592,3.12193
1593,3.12193
1594,3.32193
1595,3.32193
1596,3.32193
1597,2.84644
1598,3.32193
1599,3.32193
1600,3.12193
1601,3.32193
1602,3.12193
1603,3.32193
1604,3.12193
1605,3.32193
1606,3.12193
1607,3.32193
1608,3.32193
1609,3.32193
1610,3.12193
1611,3.32193
1612,3.12193
1613,3.12193
1614,3.32193
1615,2.92193
1616,3.12193
1617,3.12193
1618,3.32193
1619,3.12193
1620,3.12193
1621,2.84644
1622,2.64644
1623,3.12193
1624,3.12193
1625,2.44644
1626,2.92193
1627,3.12193
1628,3.32193
1629,3.32193
1630,3.32193
1631,3.12193
1632,3.32193
1633,3.12193
1634,2.92193
1635,3.12193
1636,3.32193
1637,3.32193
1638,2.92193
1639,3.12193
1640,3.32193
1641,3.12193
1642,3.32193
1643,2.92193
1644,3.12193
1645,3.12193
1646,3.12193
1647,3.12193
1648,3.12193
1649,3.32193
1650,3.32193
1651,3.12193
1652,3.32193
1653,3.32193
1654,3.12193
1655,3.12193
1656,3.12193
1657,3.32193
1658,3.12193
1659,3.32193
1660,3.12193
1661,3.32193
1662,2.64644
1663,3.12193
1664,3.32193
1665,3.12193
1666,3.32193
1667,3.12193
1668,2.84644
1669,3.32193
1670,3.32193
1671,3.32193
1672,3.12193
1673,3.12193
1674,3.12193
1675,3.12193
1676,3.32193
1677,3.32193
1678,3.12193
1679,3.12193
1680,3.12193
1681,3.12193
1682,3.12193
1683,3.32193
1684,3.32193
1685,3.12193
1686,3.32193
1687,3.12193
1688,3.32193
1689,3.32193
1690,3.32193
1691,3.32193
1692,3.12193
1693,3.12193
1694,3.12193
1695,3.12193
1696,3.32193
1697,3.32193
1698,3.12193
1699,3.32193
1700,3.12193
1701,3.12193
1702,3.12193
1703,2.84644
1704,3.12193
1705,3.12193
1706,3.32193
1707,2.92193
1708,3.12193
1709,2.92193
1710,3.32193
1711,3.12193
1712,3.12193
1713,2.44644
1714,3.12193
1715,3.12193
1716,3.32193
1717,2.92193
1718,3.12193
1719,3.12193
1720,3.32193
1721,3.32193
1722,3.32193
1723,3.32193
1724,3.32193
1725,3.12193
1726,2.84644
1727,3.32193
1728,3.32193
1729,3.32193
1730,3.32193
1731,3.12193
1732,3.12193
1733,3.32193
1734,2.92193
1735,3.32193
1736,3.12193
1737,3.32193
1738,3.32193
1739,3.32193
1740,3.12193
1741,3.32193
1742,3.12193
1743,3.32193
1744,2.92193
1745,2.92193
1746,3.12193
1747,3.32193
1748,3.32193
1749,3.12193
1750,2.52193
1751,3.12193
1752,3.12193
1753,3.32193
1754,3.32193
1755,3.12193
1756,3.32193
1757,2.84644
1758,3.12193
1759,3.12193
1760,3.32193
1761,3.32193
1762,3.32193
1763,3.32193
1764,2.84644
1765,3.12193
1766,2.64644
1767,2.64644
1768,3.12193
1769,3.12193
1770,3.12193
1771,3.12193
1772,3.32193
1773,3.12193
1774,2.92193
1775,3.12193
1776,2.84644
1777,3.12193
1778,2.37095
1779,3.32193
1780,3.32193
1781,3.12193
1782,3.12193
1783,2.52193
1784,3.32193
1785,2.92193
1786,3.12193
1787,3.32193
1788,3.32193
1789,2.64644
1790,3.12193
1791,3.32193
1792,3.32193
1793,2.52193
1794,2.84644
1795,2.84644
1796,3.12193
1797,3.12193
1798,2.72193
1799,3.32193
1800,3.12193
1801,3.12193
1802,3.12193
1803,3.12193
1804,2.92193
1805,2.84644
1806,3.12193
1807,3.12193
1808,3.12193
1809,3.12193
1810,3.32193
1811,3.32193
1812,3.12193
1813,2.84644
1814,3.32193
1815,3.32193
1816,3.32193
1817,3.32193
1818,3.12193
1819,3.32193
1820,3.12193
1821,2.84644
1822,3.12193
1823,3.32193
1824,3.32193
1825,3.12193
1826,3.12193
1827,2.92193
1828,3.32193
1829,3.32193
1830,3.12193
1831,3.12193
1832,3.12193
1833,3.32193
1834,2.84644
1835,3.12193
1836,2.92193
1837,3.32193
1838,3.32193
1839,3.32193
1840,3.12193
1841,3.12193
1842,3.12193
1843,3.12193
1844,2.92193
1845,3.32193
1846,2.92193
1847,3.32193
1848,3.32193
1849,3.12193
1850,2.64644
1851,3.12193
1852,2.92193
1853,3.12193
1854,3.12193
1855,3.12193
1856,2.92193
1857,3.12193
1858,3.32193
1859,3.12193
1860,3.12193
1861,3.32193
1862,3.12193
1863,3.12193
1864,3.12193
1865,2.92193
1866,2.84644
1867,2.92193
1868,2.84644
1869,2.84644
1870,3.12193
1871,3.32193
1872,2.92193
1873,3.32193
1874,3.32193
1875,3.12193
1876,3.32193
1877,3.12193
1878,3.12193
1879,3.32193
1880,3.32193
1881,3.12193
1882,3.12193
1883,3.32193
1884,3.12193
1885,2.84644
1886,3.32193
1887,3.12193
1888,3.12193
1889,2.64644
1890,3.12193
1891,3.32193
1892,3.12193
1893,3.32193
1894,2.92193
1895,3.32193
1896,3.12193
1897,3.12193
1898,3.32193
1899,3.12193
1900,3.32193
1901,3.32193
1902,3.12193
1903,3.12193
1904,2.84644
1905,3.32193
1906,3.12193
1907,2.84644
1908,3.32193
1909,3.12193
1910,3.12193
1911,3.12193
1912,3.12193
1913,2.84644
1914,3.12193
1915,3.32193
1916,3.12193
1917,3.32193
1918,3.32193
1919,3.12193
1920,3.32193
1921,2.92193
1922,2.72193
1923,3.12193
1924,3.32193
1925,3.32193
1926,2.84644
1927,3.12193
1928,3.32193
1929,3.12193
1930,3.12193
1931,3.32193
1932,2.52193
1933,3.12193
1934,2.92193
1935,2.52193
1936,3.32193
1937,3.12193
1938,2.84644
1939,3.32193
1940,3.32193
1941,2.84644
1942,2.92193
1943,2.92193
1944,3.12193
1945,3.12193
1946,3.32193
1947,3.32193
1948,2.84644
1949,3.32193
1950,3.12193
1951,3.32193
1952,3.12193
1953,2.84644
1954,3.12193
1955,3.32193
1956,2.84644
1957,3.32193
1958,3.12193
1959,3.32193
1960,3.32193
1961,3.12193
1962,3.32193
1963,3.32193
1964,3.32193
1965,2.92193
1966,3.32193
1967,2.92193
1968,3.12193
1969,3.12193
1970,3.32193
1971,3.32193
1972,3.32193
1973,3.32193
1974,3.32193
1975,3.12193
1976,3.32193
1977,2.84644
1978,3.32193
1979,3.32193
1980,3.12193
1981,2.92193
1982,3.12193
1983,2.92193
1984,2.72193
1985,2.92193
1986,2.72193
1987,3.12193
1988,3.32193
1989,3.32193
1990,2.92193
1991,2.92193
1992,3.32193
1993,3.32193
1994,3.32193
1995,2.64644
1996,2.92193
1997,2.92193
1998,3.32193
1999,3.12193
