0,3.32193
1,3.32193
2,2.92193
3,3.32193
4,3.32193
5,2.92193
6,3.32193
7,3.12193
8,3.32193
9,3.12193
10,2.92193
11,3.32193
12,3.32193
13,3.12193
14,3.12193
15,3.12193
16,3.12193
17,3.32193
18,2.52193
19,3.12193
20,3.32193
21,3.32193
22,3.32193
23,3.32193
24,3.12193
25,3.32193
26,3.12193
27,3.32193
28,2.92193
29,3.32193
30,3.32193
31,3.32193
32,3.32193
33,3.32193
34,3.12193
35,3.12193
36,3.32193
37,3.32193
38,3.12193
39,2.64644
40,3.12193
41,3.32193
42,3.12193
43,3.32193
44,2.92193
45,2.72193
46,3.32193
47,2.92193
48,2.92193
49,3.32193
50,3.32193
51,3.32193
52,3.12193
53,3.12193
54,3.32193
55,3.12193
56,2.92193
57,3.32193
58,3.32193
59,3.32193
60,3.32193
61,2.92193
62,3.32193
63,3.32193
64,3.12193
65,3.32193
66,3.12193
67,3.32193
68,3.32193
69,3.32193
70,2.84644
71,3.32193
72,3.32193
73,3.32193
74,2.92193
75,2.92193
76,3.32193
77,2.84644
78,3.12193
79,3.12193
80,2.92193
81,3.12193
82,3.32193
83,3.12193
84,3.32193
85,3.32193
86,3.12193
87,3.12193
88,3.12193
89,3.12193
90,3.32193
91,3.32193
92,2.92193
93,3.32193
94,3.12193
95,3.12193
96,2.92193
97,3.12193
98,3.12193
99,3.32193
100,2.92193
101,3.12193
102,3.12193
103,3.12193
104,3.32193
105,3.12193
106,3.12193
107,3.12193
108,3.32193
109,3.12193
110,3.12193
111,2.84644
112,2.52193
113,3.32193
114,3.32193
115,3.32193
116,3.32193
117,3.32193
118,3.32193
119,3.12193
120,2.64644
121,3.12193
122,2.92193
123,3.32193
124,3.12193
125,3.12193
126,3.32193
127,3.12193
128,3.12193
129,3.32193
130,3.12193
131,3.32193
132,3.12193
133,2.84644
134,3.32193
135,3.32193
136,3.12193
137,3.12193
138,3.12193
139,3.12193
140,3.12193
141,3.32193
142,3.32193
143,3.32193
144,2.92193
145,2.92193
146,3.32193
147,3.32193
148,2.72193
149,3.12193
150,3.32193
151,3.32193
152,3.12193
153,3.32193
154,3.12193
155,2.92193
156,3.12193
157,3.12193
158,3.12193
159,3.12193
160,3.12193
161,3.32193
162,3.12193
163,3.12193
164,3.12193
165,2.84644
166,3.32193
167,3.12193
168,3.32193
169,3.12193
170,3.32193
171,3.12193
172,2.92193
173,3.32193
174,3.12193
175,3.32193
176,2.84644
177,3.12193
178,3.12193
179,3.12193
180,2.84644
181,3.12193
182,2.64644
183,3.32193
184,3.32193
185,3.12193
186,3.12193
187,3.12193
188,3.12193
189,3.12193
190,3.32193
191,3.12193
192,3.12193
193,3.32193
194,3.32193
195,3.32193
196,3.32193
197,3.32193
198,3.12193
199,3.32193
200,3.12193
201,2.92193
202,3.32193
203,3.12193
204,3.12193
205,3.12193
206,3.12193
207,3.32193
208,3.32193
209,3.32193
210,3.32193
211,2.84644
212,3.12193
213,3.12193
214,3.12193
215,3.32193
216,3.32193
217,3.12193
218,3.12193
219,3.12193
220,3.12193
221,3.32193
222,3.32193
223,3.32193
224,2.92193
225,3.32193
226,3.32193
227,3.32193
228,3.12193
229,2.84644
230,3.12193
231,3.12193
232,2.84644
233,3.32193
234,3.12193
235,3.12193
236,3.32193
237,3.12193
238,2.32193
239,2.92193
240,3.32193
241,2.84644
242,3.12193
243,3.32193
244,3.32193
245,2.52193
246,2.52193
247,2.64644
248,2.92193
249,2.92193
250,2.84644
251,2.52193
252,3.12193
253,2.84644
254,2.84644
255,3.32193
256,3.12193
257,3.32193
258,3.12193
259,3.32193
260,3.12193
261,3.32193
262,3.32193
263,3.32193
264,3.32193
265,3.32193
266,3.12193
267,3.12193
268,3.32193
269,3.12193
270,3.12193
271,3.12193
272,3.32193
273,3.32193
274,3.32193
275,3.32193
276,3.12193
277,3.32193
278,3.12193
279,3.32193
280,2.92193
281,3.32193
282,3.32193
283,3.32193
284,3.32193
285,3.32193
286,3.32193
287,3.32193
288,3.32193
289,2.92193
290,3.12193
291,3.32193
292,3.32193
293,3.32193
294,3.32193
295,3.32193
296,3.32193
297,2.52193
298,2.92193
299,2.52193
300,3.32193
301,3.32193
302,3.12193
303,3.32193
304,3.32193
305,3.12193
306,3.12193
307,3.32193
308,3.12193
309,3.12193
310,3.32193
311,3.12193
312,3.32193
313,3.32193
314,3.32193
315,3.32193
316,3.32193
317,3.32193
318,3.12193
319,2.64644
320,3.12193
321,3.32193
322,3.32193
323,2.92193
324,3.12193
325,3.12193
326,2.92193
327,3.12193
328,2.92193
329,2.92193
330,3.32193
331,2.84644
332,3.32193
333,3.12193
334,3.12193
335,3.12193
336,3.12193
337,3.32193
338,2.64644
339,3.12193
340,3.12193
341,2.72193
342,3.12193
343,2.92193
344,2.84644
345,3.12193
346,2.92193
347,3.32193
348,2.92193
349,2.92193
350,3.32193
351,3.32193
352,3.12193
353,3.32193
354,3.12193
355,2.72193
356,2.72193
357,3.12193
358,3.12193
359,2.64644
360,3.12193
361,3.32193
362,3.32193
363,3.12193
364,3.12193
365,3.32193
366,3.32193
367,3.12193
368,3.12193
369,3.32193
370,3.32193
371,3.32193
372,3.12193
373,3.32193
374,3.12193
375,2.92193
376,3.32193
377,3.12193
378,3.12193
379,3.32193
380,2.92193
381,3.32193
382,2.84644
383,3.12193
384,3.32193
385,3.12193
386,3.12193
387,3.12193
388,3.32193
389,3.12193
390,3.32193
391,3.12193
392,3.12193
393,3.12193
394,3.12193
395,3.12193
396,3.12193
397,3.12193
398,3.12193
399,3.12193
400,3.32193
401,3.12193
402,3.32193
403,3.32193
404,3.12193
405,3.32193
406,2.52193
407,2.92193
408,3.32193
409,3.32193
410,2.92193
411,2.92193
412,3.12193
413,3.32193
414,3.32193
415,2.84644
416,2.52193
417,2.84644
418,3.12193
419,3.32193
420,3.12193
421,3.12193
422,3.12193
423,3.32193
424,3.32193
425,3.12193
426,3.32193
427,2.84644
428,3.12193
429,3.32193
430,2.92193
431,3.32193
432,3.12193
433,3.32193
434,3.12193
435,3.12193
436,2.92193
437,3.12193
438,3.32193
439,3.12193
440,3.12193
441,3.32193
442,3.12193
443,3.32193
444,3.32193
445,2.52193
446,3.12193
447,3.32193
448,3.32193
449,3.32193
450,3.12193
451,2.84644
452,3.12193
453,3.12193
454,3.32193
455,3.32193
456,3.32193
457,3.32193
458,3.12193
459,3.32193
460,3.32193
461,3.32193
462,3.32193
463,3.32193
464,3.32193
465,3.12193
466,3.32193
467,3.32193
468,3.32193
469,3.12193
470,3.32193
471,3.12193
472,3.12193
473,3.12193
474,3.32193
475,3.32193
476,3.12193
477,3.12193
478,3.12193
479,3.32193
480,3.12193
481,3.32193
482,3.32193
483,2.64644
484,3.32193
485,3.12193
486,3.32193
487,2.92193
488,3.12193
489,2.32193
490,3.12193
491,3.12193
492,3.32193
493,3.32193
494,3.32193
495,3.12193
496,2.92193
497,3.12193
498,3.32193
499,3.12193
500,3.32193
501,3.32193
502,3.32193
503,3.32193
504,2.92193
505,3.12193
506,2.52193
507,2.92193
508,3.12193
509,3.12193
510,3.12193
511,3.12193
512,3.12193
513,3.12193
514,3.32193
515,3.32193
516,3.32193
517,3.32193
518,3.12193
519,3.12193
520,2.84644
521,3.12193
522,3.32193
523,3.12193
524,3.12193
525,2.92193
526,2.16096
527,2.52193
528,3.12193
529,3.32193
530,3.32193
531,3.12193
532,3.12193
533,3.32193
534,3.12193
535,3.12193
536,3.12193
537,2.92193
538,2.72193
539,3.32193
540,3.12193
541,2.92193
542,3.32193
543,2.92193
544,3.32193
545,3.32193
546,3.12193
547,3.32193
548,3.32193
549,2.92193
550,3.32193
551,3.32193
552,3.32193
553,3.12193
554,2.84644
555,3.12193
556,3.32193
557,3.12193
558,3.12193
559,2.92193
560,3.12193
561,3.32193
562,3.32193
563,3.12193
564,3.32193
565,3.12193
566,2.92193
567,3.32193
568,3.32193
569,2.92193
570,3.32193
571,3.12193
572,3.32193
573,2.92193
574,3.12193
575,3.12193
576,3.32193
577,2.84644
578,3.12193
579,2.92193
580,3.32193
581,3.32193
582,2.92193
583,3.32193
584,3.32193
585,3.12193
586,3.32193
587,2.84644
588,2.92193
589,3.32193
590,2.84644
591,3.32193
592,3.12193
593,3.32193
594,3.32193
595,2.92193
596,3.12193
597,2.84644
598,3.32193
599,3.12193
600,3.32193
601,3.32193
602,3.12193
603,3.32193
604,3.12193
605,3.32193
606,2.84644
607,3.12193
608,2.64644
609,3.12193
610,3.12193
611,2.92193
612,3.32193
613,3.12193
614,3.32193
615,3.32193
616,3.12193
617,3.32193
618,2.64644
619,2.92193
620,3.12193
621,3.12193
622,3.32193
623,3.32193
624,2.84644
625,3.32193
626,3.12193
627,3.32193
628,3.12193
629,3.12193
630,3.12193
631,3.32193
632,2.84644
633,3.32193
634,3.12193
635,2.92193
636,2.92193
637,3.12193
638,3.12193
639,3.12193
640,3.32193
641,3.12193
642,3.32193
643,3.12193
644,3.32193
645,3.12193
646,3.32193
647,3.12193
648,3.12193
649,3.12193
650,3.12193
651,2.52193
652,3.12193
653,3.12193
654,2.92193
655,3.32193
656,3.12193
657,3.32193
658,3.32193
659,3.32193
660,2.64644
661,3.12193
662,2.92193
663,2.84644
664,3.12193
665,3.32193
666,3.12193
667,3.32193
668,3.32193
669,2.72193
670,3.12193
671,2.84644
672,3.12193
673,3.32193
674,3.32193
675,3.32193
676,3.32193
677,3.12193
678,3.32193
679,3.12193
680,3.12193
681,3.32193
682,2.84644
683,2.92193
684,3.12193
685,3.12193
686,3.12193
687,3.12193
688,3.32193
689,3.12193
690,2.64644
691,3.32193
692,2.84644
693,3.12193
694,2.92193
695,3.12193
696,3.32193
697,3.12193
698,3.32193
699,3.32193
700,3.12193
701,3.12193
702,2.84644
703,3.12193
704,3.12193
705,3.12193
706,3.32193
707,3.32193
708,3.12193
709,2.52193
710,3.32193
711,3.32193
712,3.32193
713,3.32193
714,3.32193
715,3.32193
716,3.32193
717,3.32193
718,3.12193
719,3.12193
720,2.84644
721,2.84644
722,3.12193
723,3.12193
724,3.32193
725,3.32193
726,3.12193
727,3.32193
728,3.12193
729,3.32193
730,3.12193
731,3.12193
732,2.84644
733,3.12193
734,3.12193
735,3.32193
736,3.32193
737,2.84644
738,2.64644
739,2.92193
740,3.32193
741,3.32193
742,3.32193
743,3.12193
744,3.32193
745,3.32193
746,3.32193
747,3.32193
748,3.12193
749,3.32193
750,3.12193
751,3.12193
752,3.12193
753,2.92193
754,3.32193
755,3.12193
756,3.12193
757,3.12193
758,3.32193
759,3.32193
760,3.12193
761,3.12193
762,2.84644
763,2.92193
764,2.84644
765,2.72193
766,2.52193
767,3.12193
768,2.64644
769,2.92193
770,3.32193
771,3.32193
772,2.92193
773,3.12193
774,3.32193
775,3.32193
776,2.84644
777,2.84644
778,3.32193
779,3.12193
780,3.32193
781,2.64644
782,2.92193
783,3.32193
784,3.12193
785,2.84644
786,3.12193
787,3.32193
788,3.12193
789,3.12193
790,3.12193
791,3.32193
792,3.32193
793,3.32193
794,2.84644
795,3.12193
796,3.32193
797,2.92193
798,2.92193
799,3.32193
800,3.32193
801,3.32193
802,3.12193
803,3.32193
804,3.32193
805,2.72193
806,3.32193
807,3.12193
808,3.32193
809,2.84644
810,3.32193
811,3.12193
812,3.12193
813,3.32193
814,3.32193
815,3.12193
816,2.92193
817,2.72193
818,2.92193
819,3.12193
820,3.32193
821,2.92193
822,3.32193
823,2.92193
824,3.12193
825,3.12193
826,3.32193
827,3.32193
828,3.12193
829,3.32193
830,3.12193
831,3.12193
832,2.84644
833,3.32193
834,3.12193
835,3.32193
836,3.32193
837,3.32193
838,3.32193
839,3.32193
840,3.32193
841,3.32193
842,3.12193
843,3.12193
844,2.92193
845,2.92193
846,3.12193
847,3.32193
848,3.12193
849,3.32193
850,3.32193
851,3.32193
852,3.12193
853,3.12193
854,3.12193
855,2.84644
856,2.92193
857,3.12193
858,3.32193
859,3.12193
860,2.32193
861,3.32193
862,3.12193
863,3.32193
864,3.32193
865,2.84644
866,3.32193
867,3.12193
868,3.12193
869,3.32193
870,3.32193
871,3.12193
872,3.12193
873,3.32193
874,3.12193
875,3.12193
876,3.12193
877,3.32193
878,3.12193
879,2.52193
880,3.32193
881,3.32193
882,3.12193
883,2.84644
884,2.84644
885,3.12193
886,3.32193
887,3.32193
888,3.32193
889,3.12193
890,2.92193
891,3.12193
892,3.12193
893,3.12193
894,3.12193
895,3.32193
896,3.12193
897,2.84644
898,3.32193
899,3.32193
900,3.32193
901,2.84644
902,3.12193
903,3.32193
904,3.12193
905,3.12193
906,3.12193
907,3.32193
908,3.12193
909,3.12193
910,3.12193
911,3.32193
912,3.12193
913,3.32193
914,3.12193
915,3.12193
916,3.12193
917,3.32193
918,2.64644
919,3.32193
920,2.52193
921,2.92193
922,3.32193
923,3.32193
924,2.92193
925,3.32193
926,3.32193
927,3.12193
928,3.12193
929,3.32193
930,3.32193
931,3.32193
932,3.32193
933,2.84644
934,3.12193
935,3.12193
936,2.92193
937,3.12193
938,3.12193
939,3.12193
940,3.32193
941,2.84644
942,3.12193
943,3.32193
944,3.32193
945,3.32193
946,3.32193
947,3.32193
948,3.32193
949,2.92193
950,3.12193
951,2.92193
952,3.32193
953,3.32193
954,3.12193
955,3.12193
956,3.12193
957,2.84644
958,2.84644
959,3.12193
960,2.64644
961,2.92193
962,3.12193
963,3.32193
964,3.32193
965,3.12193
966,3.32193
967,3.32193
968,3.12193
969,3.32193
970,3.32193
971,3.32193
972,3.12193
973,3.12193
974,3.32193
975,3.32193
976,3.32193
977,2.92193
978,2.92193
979,3.32193
980,3.32193
981,2.84644
982,3.32193
983,3.12193
984,3.12193
985,2.92193
986,3.12193
987,3.12193
988,2.84644
989,3.32193
990,2.92193
991,2.92193
992,2.92193
993,3.12193
994,3.32193
995,3.32193
996,3.32193
997,3.12193
998,3.32193
999,3.32193
1000,3.32193
1001,3.32193
1002,3.32193
1003,3.32193
1004,3.32193
1005,2.32193
1006,2.84644
1007,2.92193
1008,3.12193
1009,3.12193
1010,3.12193
1011,3.32193
1012,3.32193
1013,3.32193
1014,3.12193
1015,3.32193
1016,3.32193
1017,3.32193
1018,2.92193
1019,3.12193
1020,3.12193
1021,3.32193
1022,3.12193
1023,3.12193
1024,3.12193
1025,2.92193
1026,3.32193
1027,2.92193
1028,3.32193
1029,3.32193
1030,3.12193
1031,3.32193
1032,3.32193
1033,3.32193
1034,3.32193
1035,3.12193
1036,3.32193
1037,3.12193
1038,3.12193
1039,3.12193
1040,3.12193
1041,2.92193
1042,3.12193
1043,2.92193
1044,3.12193
1045,3.12193
1046,3.12193
1047,2.92193
1048,3.32193
1049,3.12193
1050,3.12193
1051,2.92193
1052,3.12193
1053,3.32193
1054,2.92193
1055,3.12193
1056,3.12193
1057,3.12193
1058,3.12193
1059,3.12193
1060,3.32193
1061,3.12193
1062,3.12193
1063,2.92193
1064,3.32193
1065,3.12193
1066,2.84644
1067,3.12193
1068,3.12193
1069,3.32193
1070,3.32193
1071,3.32193
1072,3.32193
1073,3.32193
1074,3.12193
1075,2.32193
1076,3.12193
1077,3.12193
1078,3.32193
1079,3.32193
1080,3.32193
1081,2.72193
1082,3.12193
1083,3.12193
1084,3.32193
1085,3.32193
1086,3.12193
1087,2.84644
1088,2.84644
1089,3.12193
1090,3.12193
1091,2.32193
1092,3.32193
1093,2.92193
1094,2.92193
1095,3.12193
1096,3.12193
1097,3.12193
1098,3.32193
1099,2.84644
1100,3.12193
1101,3.12193
1102,3.32193
1103,3.12193
1104,3.12193
1105,3.12193
1106,3.32193
1107,3.12193
1108,2.92193
1109,3.32193
1110,3.12193
1111,3.32193
1112,3.32193
1113,3.12193
1114,3.12193
1115,3.32193
1116,3.32193
1117,3.32193
1118,3.12193
1119,3.32193
1120,3.32193
1121,3.12193
1122,3.32193
1123,3.12193
1124,3.12193
1125,3.12193
1126,3.32193
1127,3.32193
1128,2.92193
1129,3.12193
1130,3.32193
1131,3.32193
1132,3.32193
1133,2.84644
1134,3.12193
1135,3.12193
1136,2.84644
1137,3.32193
1138,3.32193
1139,3.32193
1140,3.12193
1141,3.32193
1142,2.84644
1143,2.64644
1144,3.12193
1145,3.32193
1146,3.32193
1147,3.12193
1148,2.64644
1149,3.12193
1150,3.32193
1151,3.32193
1152,3.32193
1153,3.32193
1154,2.92193
1155,3.12193
1156,2.92193
1157,3.32193
1158,2.92193
1159,3.32193
1160,3.32193
1161,3.32193
1162,3.12193
1163,3.32193
1164,3.32193
1165,2.92193
1166,3.12193
1167,3.12193
1168,3.32193
1169,2.84644
1170,3.12193
1171,3.32193
1172,2.84644
1173,3.12193
1174,3.32193
1175,3.12193
1176,3.32193
1177,3.32193
1178,3.12193
1179,2.84644
1180,3.12193
1181,3.32193
1182,3.32193
1183,3.32193
1184,3.12193
1185,2.92193
1186,3.12193
1187,3.32193
1188,3.32193
1189,2.92193
1190,3.12193
1191,3.12193
1192,2.72193
1193,3.12193
1194,3.32193
1195,3.12193
1196,3.12193
1197,3.32193
1198,3.12193
1199,3.12193
1200,3.12193
1201,3.12193
1202,3.12193
1203,2.52193
1204,3.12193
1205,3.12193
1206,3.12193
1207,3.12193
1208,2.52193
1209,3.32193
1210,3.32193
1211,2.92193
1212,2.92193
1213,3.32193
1214,3.32193
1215,3.12193
1216,3.32193
1217,2.92193
1218,2.84644
1219,3.32193
1220,3.12193
1221,2.84644
1222,3.12193
1223,3.32193
1224,3.32193
1225,3.12193
1226,3.32193
1227,3.32193
1228,2.52193
1229,2.72193
1230,3.12193
1231,3.32193
1232,3.32193
1233,3.12193
1234,2.84644
1235,3.32193
1236,3.32193
1237,3.12193
1238,2.16096
1239,3.32193
1240,3.12193
1241,3.12193
1242,3.32193
1243,3.12193
1244,3.12193
1245,2.92193
1246,3.32193
1247,3.32193
1248,3.32193
1249,3.32193
1250,3.12193
1251,3.12193
1252,3.32193
1253,3.32193
1254,2.92193
1255,3.32193
1256,2.84644
1257,3.32193
1258,2.92193
1259,2.84644
1260,3.32193
1261,3.12193
1262,3.12193
1263,2.92193
1264,3.32193
1265,3.32193
1266,3.12193
1267,3.32193
1268,3.32193
1269,2.64644
1270,3.32193
1271,3.32193
1272,3.32193
1273,3.32193
1274,2.92193
1275,3.12193
1276,3.32193
1277,2.92193
1278,3.32193
1279,3.32193
1280,3.32193
1281,2.84644
1282,2.84644
1283,3.12193
1284,2.72193
1285,3.12193
1286,2.84644
1287,3.12193
1288,2.84644
1289,3.32193
1290,3.12193
1291,3.12193
1292,3.12193
1293,3.12193
1294,3.32193
1295,2.84644
1296,3.12193
1297,3.12193
1298,2.64644
1299,3.12193
1300,3.12193
1301,3.12193
1302,2.84644
1303,2.92193
1304,3.12193
1305,3.32193
1306,3.12193
1307,3.12193
1308,3.12193
1309,3.32193
1310,3.12193
1311,2.92193
1312,3.32193
1313,3.12193
1314,3.32193
1315,3.32193
1316,3.12193
1317,2.92193
1318,3.12193
1319,2.92193
1320,3.12193
1321,3.12193
1322,3.32193
1323,3.12193
1324,2.92193
1325,3.12193
1326,3.32193
1327,3.12193
1328,3.12193
1329,3.12193
1330,3.32193
1331,3.32193
1332,3.12193
1333,3.32193
1334,3.32193
1335,3.12193
1336,2.64644
1337,2.64644
1338,3.12193
1339,2.92193
1340,3.32193
1341,3.32193
1342,3.32193
1343,3.12193
1344,3.12193
1345,2.92193
1346,3.32193
1347,3.12193
1348,2.92193
1349,3.32193
1350,3.32193
1351,3.12193
1352,3.12193
1353,3.12193
1354,3.32193
1355,3.32193
1356,3.12193
1357,3.32193
1358,2.92193
1359,3.12193
1360,2.84644
1361,3.32193
1362,2.92193
1363,3.12193
1364,3.12193
1365,3.12193
1366,3.32193
1367,3.12193
1368,3.12193
1369,3.32193
1370,3.32193
1371,3.12193
1372,3.12193
1373,3.32193
1374,3.32193
1375,3.32193
1376,3.32193
1377,3.32193
1378,3.12193
1379,2.84644
1380,3.32193
1381,3.32193
1382,3.12193
1383,3.32193
1384,3.12193
1385,3.12193
1386,2.64644
1387,3.32193
1388,3.32193
1389,3.12193
1390,3.12193
1391,3.12193
1392,3.12193
1393,3.12193
1394,3.32193
1395,2.84644
1396,3.32193
1397,3.12193
1398,3.32193
1399,3.32193
1400,3.12193
1401,3.12193
1402,3.32193
1403,2.92193
1404,3.32193
1405,3.12193
1406,3.32193
1407,3.32193
1408,3.32193
1409,3.12193
1410,2.32193
1411,3.12193
1412,3.32193
1413,3.32193
1414,3.32193
1415,3.32193
1416,3.12193
1417,3.32193
1418,3.12193
1419,2.84644
1420,2.84644
1421,3.12193
1422,2.84644
1423,3.12193
1424,3.12193
1425,3.12193
1426,2.84644
1427,3.12193
1428,3.12193
1429,3.32193
1430,3.32193
1431,3.32193
1432,3.32193
1433,2.52193
1434,3.12193
1435,3.12193
1436,3.32193
1437,3.32193
1438,3.32193
1439,2.64644
1440,2.92193
1441,2.92193
1442,3.12193
1443,3.32193
1444,3.32193
1445,2.84644
1446,3.12193
1447,2.92193
1448,3.12193
1449,3.12193
1450,3.12193
1451,3.12193
1452,3.32193
1453,3.12193
1454,2.84644
1455,3.12193
1456,3.12193
1457,3.12193
1458,3.12193
1459,3.32193
1460,2.92193
1461,3.12193
1462,3.32193
1463,3.12193
1464,3.32193
1465,3.32193
1466,2.92193
1467,3.12193
1468,2.64644
1469,3.32193
1470,3.32193
1471,3.12193
1472,3.12193
1473,3.12193
1474,2.92193
1475,2.84644
1476,3.32193
1477,3.32193
1478,3.32193
1479,3.32193
1480,3.32193
1481,3.12193
1482,3.32193
1483,3.12193
1484,3.32193
1485,3.12193
1486,3.12193
1487,3.32193
1488,3.32193
1489,3.32193
1490,2.92193
1491,2.92193
1492,2.92193
1493,3.32193
1494,2.72193
1495,3.12193
1496,2.84644
1497,3.32193
1498,3.12193
1499,3.12193
1500,2.52193
1501,3.32193
1502,2.92193
1503,3.12193
1504,3.12193
1505,3.32193
1506,3.32193
1507,2.92193
1508,3.32193
1509,3.12193
1510,2.52193
1511,3.32193
1512,3.32193
1513,3.12193
1514,2.92193
1515,3.32193
1516,3.12193
1517,3.32193
1518,3.32193
1519,2.92193
1520,2.92193
1521,2.92193
1522,2.84644
1523,3.12193
1524,2.92193
1525,2.84644
1526,3.12193
1527,3.32193
1528,3.12193
1529,2.92193
1530,3.12193
1531,3.32193
1532,2.84644
1533,2.16096
1534,3.32193
1535,3.12193
1536,3.32193
1537,3.32193
1538,3.12193
1539,2.84644
1540,3.12193
1541,3.12193
1542,3.12193
1543,3.12193
1544,3.32193
1545,3.12193
1546,3.12193
1547,3.32193
1548,3.12193
1549,2.84644
1550,2.84644
1551,3.32193
1552,2.64644
1553,3.32193
1554,2.84644
1555,2.64644
1556,3.32193
1557,3.12193
1558,3.12193
1559,3.32193
1560,3.32193
1561,3.32193
1562,2.92193
1563,3.12193
1564,3.12193
1565,3.32193
1566,3.12193
1567,3.12193
1568,3.32193
1569,3.32193
1570,3.12193
1571,3.32193
1572,3.12193
1573,2.92193
1574,2.92193
1575,2.84644
1576,3.32193
1577,3.32193
1578,3.32193
1579,3.32193
1580,3.32193
1581,2.84644
1582,3.12193
1583,3.12193
1584,3.32193
1585,2.92193
1586,3.32193
1587,2.92193
1588,3.12193
1589,3.32193
1590,3.12193
1591,3.12193
1592,3.32193
1593,2.92193
1594,3.32193
1595,3.12193
1596,3.32193
1597,3.32193
1598,3.12193
1599,2.84644
1600,2.84644
1601,3.12193
1602,3.32193
1603,3.32193
1604,3.32193
1605,3.12193
1606,3.12193
1607,3.32193
1608,3.12193
1609,3.32193
1610,3.32193
1611,3.12193
1612,2.84644
1613,3.12193
1614,3.12193
1615,3.12193
1616,3.32193
1617,3.12193
1618,3.12193
1619,3.12193
1620,2.84644
1621,2.84644
1622,3.12193
1623,3.32193
1624,3.32193
1625,3.32193
1626,3.32193
1627,3.32193
1628,2.92193
1629,3.32193
1630,2.72193
1631,3.32193
1632,3.32193
1633,2.72193
1634,3.32193
1635,3.32193
1636,3.12193
1637,3.32193
1638,3.32193
1639,3.12193
1640,3.32193
1641,2.84644
1642,3.12193
1643,3.32193
1644,3.32193
1645,3.12193
1646,3.32193
1647,3.12193
1648,3.32193
1649,3.12193
1650,3.32193
1651,3.12193
1652,3.12193
1653,3.12193
1654,3.32193
1655,3.32193
1656,3.12193
1657,3.32193
1658,3.32193
1659,2.84644
1660,3.12193
1661,3.32193
1662,3.32193
1663,3.12193
1664,3.12193
1665,3.32193
1666,3.32193
1667,3.12193
1668,3.32193
1669,2.84644
1670,3.12193
1671,3.32193
1672,3.32193
1673,3.32193
1674,3.12193
1675,2.84644
1676,2.92193
1677,2.84644
1678,3.12193
1679,3.32193
1680,3.32193
1681,3.32193
1682,3.12193
1683,3.32193
1684,2.84644
1685,2.84644
1686,3.32193
1687,2.64644
1688,3.32193
1689,3.12193
1690,2.92193
1691,3.32193
1692,3.12193
1693,3.32193
1694,2.92193
1695,2.92193
1696,3.32193
1697,3.12193
1698,2.64644
1699,3.12193
1700,3.32193
1701,3.32193
1702,3.32193
1703,3.32193
1704,3.32193
1705,3.32193
1706,3.32193
1707,3.32193
1708,3.12193
1709,3.12193
1710,3.32193
1711,3.12193
1712,3.12193
1713,3.12193
1714,3.32193
1715,3.32193
1716,3.12193
1717,2.52193
1718,3.12193
1719,3.32193
1720,3.12193
1721,3.12193
1722,3.32193
1723,3.32193
1724,3.12193
1725,3.32193
1726,3.32193
1727,3.12193
1728,3.32193
1729,2.52193
1730,3.32193
1731,3.12193
1732,2.84644
1733,3.32193
1734,2.52193
1735,3.12193
1736,3.32193
1737,3.32193
1738,3.12193
1739,3.12193
1740,3.32193
1741,3.32193
1742,3.12193
1743,3.12193
1744,3.32193
1745,3.32193
1746,3.32193
1747,3.12193
1748,3.12193
1749,2.92193
1750,3.12193
1751,3.32193
1752,3.32193
1753,2.84644
1754,2.92193
1755,2.92193
1756,2.64644
1757,2.84644
1758,3.12193
1759,3.12193
1760,3.12193
1761,3.32193
1762,3.32193
1763,3.32193
1764,3.32193
1765,2.92193
1766,3.12193
1767,2.64644
1768,3.32193
1769,2.84644
1770,2.84644
1771,3.32193
1772,3.32193
1773,3.12193
1774,2.92193
1775,3.12193
1776,3.12193
1777,3.12193
1778,3.12193
1779,3.32193
1780,3.12193
1781,3.32193
1782,3.32193
1783,3.32193
1784,3.32193
1785,2.64644
1786,2.84644
1787,3.12193
1788,3.32193
1789,3.32193
1790,3.12193
1791,2.84644
1792,3.32193
1793,3.32193
1794,3.32193
1795,3.32193
1796,3.12193
1797,3.32193
1798,3.32193
1799,2.84644
1800,3.32193
1801,2.72193
1802,2.92193
1803,2.64644
1804,3.32193
1805,3.12193
1806,3.32193
1807,3.32193
1808,3.32193
1809,3.12193
1810,3.32193
1811,3.12193
1812,2.64644
1813,3.32193
1814,3.32193
1815,3.12193
1816,3.32193
1817,3.12193
1818,3.12193
1819,2.84644
1820,3.32193
1821,3.32193
1822,3.12193
1823,3.32193
1824,3.32193
1825,3.32193
1826,3.32193
1827,2.92193
1828,3.12193
1829,2.52193
1830,2.64644
1831,3.12193
1832,2.92193
1833,2.92193
1834,3.12193
1835,3.32193
1836,3.12193
1837,3.32193
1838,3.32193
1839,3.12193
1840,3.12193
1841,3.12193
1842,3.12193
1843,3.12193
1844,3.12193
1845,3.12193
1846,3.32193
1847,2.84644
1848,3.12193
1849,3.12193
1850,3.12193
1851,2.92193
1852,3.32193
1853,3.32193
1854,3.32193
1855,3.12193
1856,3.12193
1857,3.12193
1858,3.12193
1859,3.32193
1860,3.12193
1861,3.32193
1862,3.12193
1863,3.12193
1864,3.12193
1865,3.12193
1866,2.92193
1867,2.92193
1868,3.32193
1869,3.12193
1870,3.12193
1871,3.12193
1872,3.32193
1873,2.84644
1874,2.92193
1875,3.32193
1876,3.32193
1877,3.32193
1878,3.12193
1879,3.12193
1880,3.32193
1881,3.12193
1882,3.32193
1883,3.32193
1884,3.32193
1885,2.84644
1886,3.12193
1887,2.92193
1888,2.92193
1889,2.92193
1890,3.12193
1891,3.32193
1892,2.92193
1893,3.12193
1894,3.12193
1895,3.12193
1896,3.32193
1897,3.12193
1898,3.32193
1899,3.32193
1900,3.32193
1901,2.84644
1902,3.12193
1903,2.84644
1904,3.32193
1905,3.12193
1906,3.32193
1907,2.72193
1908,2.84644
1909,2.52193
1910,2.92193
1911,2.92193
1912,3.32193
1913,3.32193
1914,3.32193
1915,3.32193
1916,3.32193
1917,3.32193
1918,3.32193
1919,2.52193
1920,2.92193
1921,3.32193
1922,3.32193
1923,3.32193
1924,3.32193
1925,3.32193
1926,3.12193
1927,3.32193
1928,3.32193
1929,3.12193
1930,3.32193
1931,2.92193
1932,3.32193
1933,3.12193
1934,3.12193
1935,3.12193
1936,2.84644
1937,2.92193
1938,3.12193
1939,3.32193
1940,3.12193
1941,3.32193
1942,3.12193
1943,3.32193
1944,3.32193
1945,3.32193
1946,3.12193
1947,3.32193
1948,3.12193
1949,2.64644
1950,3.32193
1951,2.92193
1952,3.32193
1953,3.32193
1954,3.12193
1955,3.32193
1956,2.84644
1957,3.32193
1958,3.32193
1959,2.92193
1960,2.92193
1961,3.12193
1962,3.12193
1963,2.84644
1964,3.32193
1965,3.32193
1966,3.12193
1967,3.12193
1968,3.12193
1969,3.32193
1970,3.12193
1971,3.32193
1972,3.12193
1973,3.32193
1974,3.32193
1975,3.12193
1976,3.32193
1977,3.32193
1978,3.12193
1979,3.32193
1980,3.32193
1981,3.32193
1982,3.32193
1983,3.32193
1984,2.92193
1985,3.32193
1986,3.32193
1987,3.12193
1988,3.32193
1989,3.12193
1990,3.32193
1991,3.32193
1992,3.12193
1993,2.92193
1994,2.64644
1995,3.32193
1996,2.92193
1997,3.32193
1998,3.12193
1999,2.92193
